Refdist,Lon,Lat,Water_depth,Total,Upper_water,Permanent_pycnocline,Labrador_sea_water_level,Overflow_water
1302.89943777813,-6.208,56.675,-15.381060195979,26.4292050019019,13.5258206832954,4.52231492184784,8.45097683703287,1.44307555944337
1297.89943777813,-6.28518755775411,56.6885243156749,-22.5243973623362,26.4292050019019,13.5258206832954,4.52231492184784,8.45097683703287,1.44307555944337
1292.89943777813,-6.35984627240515,56.7059330156902,-41.1633980048146,26.4292050019019,13.5258206832954,4.52231492184784,8.45097683703287,1.44307555944337
1287.89943777813,-6.43379938921198,56.7232145267395,-21.6882899736771,26.4292050019019,13.5258206832954,4.52231492184784,8.45097683703287,1.44307555944337
1282.89943777813,-6.51190206270632,56.7315946419213,-35.983620630592,26.4292050019019,13.5258206832954,4.52231492184784,8.45097683703287,1.44307555944337
1277.89943777813,-6.59327276804972,56.733,-43.3286917147893,26.4292050019019,13.5258206832954,4.52231492184784,8.45097683703287,1.44307555944337
1272.89943777813,-6.67530195581663,56.733,-38.7762595864474,26.4292050019019,13.5258206832954,4.52231492184784,8.45097683703287,1.44307555944337
1267.89943777813,-6.75733114358354,56.733,-25.6288069209906,26.4292050019019,13.5258206832954,4.52231492184784,8.45097683703287,1.44307555944337
1262.89943777813,-6.83936033135044,56.733,-78.9653886422808,26.4292050019019,13.5258206832954,4.52231492184784,8.45097683703287,1.44307555944337
1257.89943777813,-6.92138951911735,56.733,-96.9621984733552,26.4292050019019,13.5258206832954,4.52231492184784,8.45097683703287,1.44307555944337
1252.89943777813,-7.00341870688426,56.733,-127.589980321091,26.4292050019019,13.5258206832954,4.52231492184784,8.45097683703287,1.44307555944337
1247.89943777813,-7.08544789465116,56.733,-183.294603843169,26.4292050019019,13.5258206832954,4.52231492184784,8.45097683703287,1.44307555944337
1242.89943777813,-7.16747708241807,56.733,-190.235179303556,26.4292050019019,13.5258206832954,4.52231492184784,8.45097683703287,1.44307555944337
1237.89943777813,-7.24950627018498,56.733,-102.976605837331,26.4292050019019,13.5258206832954,4.52231492184784,8.45097683703287,1.44307555944337
1232.89943777813,-7.33153545795189,56.733,-98.2650114738381,26.4292050019019,13.5258206832954,4.52231492184784,8.45097683703287,1.44307555944337
1227.89943777813,-7.41356464571879,56.733,-145.097654991021,26.428294322334,13.5258206832954,4.52231492184784,8.45097683703287,1.44307555944337
1222.89943777813,-7.4955938334857,56.733,-164.821481373081,26.4275472786339,13.5257370580116,4.52231492184784,8.45097683703287,1.44307555944337
1217.89943777813,-7.57762302125261,56.733,-52.8104717984553,26.4275472786339,13.5257370580116,4.52231492184784,8.45097683703287,1.44307555944337
1212.89943777813,-7.65828464007842,56.7386144624683,-25.5732169026043,26.4275472786339,13.5257370580116,4.52231492184784,8.45097683703287,1.44307555944337
1207.89943777813,-7.73884071799207,56.7446622160655,-33.3304520189541,26.4275472786339,13.5257370580116,4.52231492184784,8.45097683703287,1.44307555944337
1202.89943777813,-7.81820078327276,56.7557403578488,-37.0920495820681,26.4275472786339,13.5257370580116,4.52231492184784,8.45097683703287,1.44307555944337
1197.89943777813,-7.89736852494423,56.7676274061478,-48.5019608249751,26.4275472786339,13.5257370580116,4.52231492184784,8.45097683703287,1.44307555944337
1192.89943777813,-7.97658598308737,56.7794949076478,-86.7598909536867,26.4275472786339,13.5257370580116,4.52231492184784,8.45097683703287,1.44307555944337
1187.89943777813,-8.05581928414498,56.7913561802612,-103.566044117718,26.4275472786339,13.5257370580116,4.52231492184784,8.45097683703287,1.44307555944337
1182.89943777813,-8.13476598158229,56.8038134024188,-113.066293803353,26.4275472786339,13.5257370580116,4.52231492184784,8.45097683703287,1.44307555944337
1177.89943777813,-8.21355878967834,56.8165906145424,-118.627102477198,26.4274376715749,13.5257370580116,4.52231492184784,8.45097683703287,1.44307555944337
1172.89943777813,-8.29076095090814,56.8316803943487,-127.203270701179,26.4272488804613,13.5257370580116,4.52231492184784,8.45097683703287,1.44307555944337
1167.89943777813,-8.36659444837915,56.8487600108962,-129.859741171384,26.4269603173369,13.5257370580116,4.52231492184784,8.45097683703287,1.44307555944337
1162.89943777813,-8.44208284072306,56.8664241355593,-127.460580085503,26.4265516004995,13.5257370580116,4.52231492184784,8.45097683703287,1.44307555944337
1157.89943777813,-8.51690698215271,56.8852133088517,-124.111066869115,26.4259903294388,13.5255693024555,4.52231492184784,8.45097683703287,1.44307555944337
1152.89943777813,-8.59173112358236,56.904002482144,-122.617093092909,26.4250791066782,13.5252812886546,4.52231492184784,8.45097683703287,1.44307555944337
1147.89943777813,-8.66688429904791,56.9224399259772,-121,26.4237329018683,13.5248405559016,4.52231492184784,8.45097683703287,1.44307555944337
1142.89943777813,-8.74269105587698,56.9401787070752,-120,26.4220685566597,13.5242918823074,4.52231492184784,8.45097683703287,1.44307555944337
1137.89943777813,-8.81849781270604,56.9579174881732,-122.269726982986,26.4204587453347,13.5237773204365,4.52231492184784,8.45097683703287,1.44307555944337
1132.89943777813,-8.89431497290455,56.9756486112683,-135.273026659945,26.418902624546,13.5232958009714,4.52231492184784,8.45097683703287,1.44307555944337
1127.89943777813,-8.97040292999917,56.9931803986173,-173.783570522701,26.4174152929567,13.5228504769212,4.52231492184784,8.45097683703287,1.44307555944337
1122.89943777813,-9.04649088709379,57.0107121859663,-228.345535167112,26.4163710348246,13.5226762090776,4.52231492184784,8.45097683703287,1.44307555944337
1117.89943777813,-9.12253139411061,57.0283197304678,-316.129745448914,26.4156919111835,13.5225642697367,4.52231492184784,8.45097683703287,1.44307555944337
1112.89943777813,-9.19836291115698,57.0462609411255,-425.495887962062,26.415060753601,13.5225642697367,4.52231492184784,8.45097683703287,1.44307555944337
1107.89943777813,-9.27413544876553,57.0642838621914,-754.174954613597,26.4145162390443,13.522536712151,4.52231492184784,8.45097683703287,1.44307555944337
1102.89943777813,-9.34934530414288,57.0830863260357,-933.603529605289,26.4111940149276,13.5195152835285,4.52231492184784,8.45097683703287,1.44307555944337
1097.89943777813,-9.42657860076367,57.0991668278258,-1265.18062696593,26.4074069357498,13.5159780190146,4.52231492184784,8.45097683703287,1.44307555944337
1092.89943777813,-9.50443257570478,57.1144123842764,-1639.60803990747,26.3838704627643,13.4806775440678,4.52231492184784,8.45097683703287,1.44307555944337
1087.89943777813,-9.58211174227366,57.1299610769706,-1813.58438652219,26.3621571478415,13.4483794837042,4.52231492184784,8.45097683703287,1.44307555944337
1082.89943777813,-9.65939356504216,57.1461988059251,-1904.21694812979,26.3009957262014,13.3988295131703,4.50964935750348,8.44946190699398,1.44307555944337
1077.89943777813,-9.73667538781066,57.1624365348796,-1956.40110784953,26.2309719438439,13.3382188931126,4.4966852174654,8.44804783723583,1.44307555944337
1072.89943777813,-9.81395721057917,57.1786742638342,-1993.02320936738,26.1514371049551,13.2680511681985,4.48252597221202,8.44673119190496,1.44307555944337
1067.89943777813,-9.89117939143122,57.1950533070493,-2034.62595188889,26.0617252236011,13.1862997238895,4.46800763769156,8.44550852886535,1.44307555944337
1062.89943777813,-9.96817737735319,57.2119635528594,-2079.62443374358,25.9221329855767,13.0928784646518,4.45298218317036,8.42712185517805,1.44307555944337
1057.89943777813,-10.0451753632752,57.2288737986695,-2119.64794395463,25.769267513958,12.9906363821967,4.43607906007301,8.40686411227957,1.44307555944337
1052.89943777813,-10.1221733491971,57.2457840444796,-2182.96694658848,25.6023531807591,12.8790239295152,4.4180140540388,8.38395953099196,1.44307555944337
1047.89943777813,-10.1991713351191,57.2626942902897,-2203.49317438047,25.4205713859598,12.7574525449729,4.39873832690878,8.35822962348069,1.44307555944337
1042.89943777813,-10.2763600470941,57.2795003992068,-2205.91053451933,25.2230544362592,12.6252884132503,4.37820119682284,8.329490922896,1.44307555944337
1037.89943777813,-10.3536041481333,57.2962762655589,-2206.32926828121,24.9694551688591,12.4655481197199,4.35399221637488,8.28031949527921,1.44307555944337
1032.89943777813,-10.4308482491725,57.313052131911,-2210.28984532107,24.6810480367725,12.2693910309036,4.32499618032039,8.23591731858353,1.44307555944337
1027.89943777813,-10.5080923502118,57.3298279982632,-2233.46427841181,24.3546724975354,12.0379747425963,4.29070676063129,8.19608829145375,1.44307555944337
1022.89943777813,-10.5857477683059,57.3460511917987,-2254.23712039791,23.9868249933983,11.7558150637762,4.25346691103415,8.16062454758137,1.44307555944337
1017.89943777813,-10.6635184468201,57.3621195138058,-2217.91750731081,23.8620984017438,11.5595945530986,4.25346691103415,8.16062454758137,1.44307555944337
1012.89943777813,-10.7412891253343,57.3781878358129,-1452.26900886761,23.7475185484669,11.3711331093346,4.25346691103415,8.16062454758137,1.44307555944337
1007.89943777813,-10.8193556050734,57.3939459500507,-872.154692014844,23.6427457075906,11.1965055932843,4.25346691103415,8.16062454758137,1.44307555944337
1002.89943777813,-10.8975681727279,57.4095508613856,-718.48924325501,23.5945212831937,11.1247264668293,4.25346691103415,8.16062454758137,1.44307555944337
997.899437778131,-10.9757970174599,57.425118667044,-672.93026987602,23.5608102940219,11.074991151547,4.25346691103415,8.16062454758137,1.44307555944337
992.899437778131,-11.0556401809567,57.4370064269424,-618.255648149543,23.5388511977349,11.0431033410981,4.25346691103415,8.16062454758137,1.44307555944337
987.899437778131,-11.1354833444535,57.4488941868409,-616.775376338341,23.5064613799126,10.994891568163,4.25346691103415,8.16062454758137,1.44307555944337
982.899437778131,-11.2159135300188,57.4596669922014,-674.334044451419,23.461582999109,10.9268040171331,4.25346691103415,8.16062454758137,1.44307555944337
977.899437778131,-11.2988147742697,57.4657464167798,-784.169614226904,23.4042850991583,10.8387305205498,4.25346691103415,8.16062454758137,1.44307555944337
972.899437778131,-11.3817160185205,57.4718258413582,-1352.36434206744,23.3426913405411,10.7481101731847,4.25346691103415,8.16062454758137,1.44307555944337
967.899437778131,-11.4648160008655,57.4768675422545,-2022.08347532709,23.2766221409428,10.6509766655759,4.25346691103415,8.16062454758137,1.44307555944337
962.899437778131,-11.5481331152228,57.4807754744476,-1950.28299113356,23.1806268007841,10.4971888743792,4.25346691103415,8.16062454758137,1.44307555944337
957.899437778131,-11.6314502295801,57.4846834066407,-1888.53818752305,23.0981766450149,10.3632127274108,4.25346691103415,8.16062454758137,1.44307555944337
952.899437778131,-11.7148330221721,57.4883135642319,-1877.63434943631,23.02832636484,10.2481320227984,4.25346691103415,8.16062454758137,1.44307555944337
947.899437778131,-11.79838532113,57.4912268243072,-1860.60567138374,22.8364571933284,10.1020803027726,4.23205102461415,8.14035900482021,1.44307555944337
942.899437778131,-11.8819376200878,57.4941400843824,-1842.39025290012,22.6392990628625,9.952973798679,4.20972953792616,8.11995201452303,1.44307555944337
937.899437778131,-11.9654899190457,57.4970533444577,-1829.08326929421,22.4366787068407,9.80338535701752,4.18481758781411,8.09940205410402,1.44307555944337
932.899437778131,-12.0490422180036,57.4999666045329,-1818.12297351628,22.2284126169897,9.65060511111774,4.15885817476304,8.07870419975931,1.44307555944337
927.899437778131,-12.1323951277694,57.5043144319777,-1809.32139088409,22.0143061086392,9.49445987653003,4.13183706180987,8.05785032802714,1.44307555944337
922.899437778131,-12.2157457253796,57.5086788949432,-1804.98498644987,21.8392264238945,9.36259229526885,4.10498991612621,8.04500046629297,1.44307555944337
917.899437778131,-12.2990963229897,57.5130433579088,-1804.21738658374,21.6829539868729,9.24766632613651,4.08128584727777,8.03020765544845,1.44307555944337
912.899437778131,-12.3824469205999,57.5174078208743,-1803.77757404981,21.5446643090139,9.15275508400392,4.06057879758213,8.01331633256674,1.44307555944337
907.899437778131,-12.4657960135128,57.5218388402908,-1789.9610341631,21.4234651369289,9.0778406951669,4.0404880102473,7.99491753520642,1.44307555944337
902.899437778131,-12.5491414493857,57.5264316195772,-1701.31598046234,21.3690610490634,9.01056068136467,4.03179009901655,7.99491753520642,1.44307555944337
897.899437778131,-12.6324868852585,57.5310243988635,-1598.95322515794,21.3014578888966,8.92502539745083,4.02095940412702,7.99491753520642,1.44307555944337
892.899437778131,-12.7158323211313,57.5356171781499,-1326.64379980875,21.2191261030486,8.82131120459847,4.0077490667021,7.99491753520642,1.44307555944337
887.899437778131,-12.7992764126463,57.5397825586239,-1049.31026908954,21.1204837373181,8.69448584422991,3.99327648330531,7.99491753520642,1.44307555944337
882.899437778131,-12.8827890480419,57.5436509913262,-613.885212113968,21.1079936279226,8.680702675981,3.99327648330531,7.99491753520642,1.44307555944337
877.899437778131,-12.9662783009834,57.547758492542,-360.411501150482,21.0947897543729,8.66351530329922,3.99327648330531,7.99491753520642,1.44307555944337
872.899437778131,-13.0497314049721,57.5522355903955,-271.160595017249,21.0910792792475,8.66100272454434,3.99327648330531,7.99491753520642,1.44307555944337
867.899437778131,-13.1331845089609,57.556712688249,-246.058675934195,21.0882272948264,8.65865261557152,3.99327648330531,7.99491753520642,1.44307555944337
862.899437778131,-13.2166683025637,57.5611154091384,-218.333211895203,21.0861222114581,8.65700340490157,3.99327648330531,7.99491753520642,1.44307555944337
857.899437778131,-13.3001724888318,57.5654687079486,-187.866154154864,21.0854004852474,8.65685191168,3.99327648330531,7.99491753520642,1.44307555944337
852.899437778131,-13.3836766750999,57.5698220067588,-157.876349300925,21.0846611231762,8.65669503480419,3.99327648330531,7.99491753520642,1.44307555944337
847.899437778131,-13.467180861368,57.5741753055689,-126.814737464177,21.0839039185175,8.65653268221508,3.99327648330531,7.99491753520642,1.44307555944337
842.899437778131,-13.5461499680333,57.5861375604997,-94.9775799411108,21.0831286647474,8.65636476194592,3.99327648330531,7.99491753520642,1.44307555944337
837.899437778131,-13.6240591500115,57.5998781569685,-51.2651377144325,21.0823885788869,8.65620662870275,3.99327648330531,7.99491753520642,1.44307555944337
832.899437778131,-13.7019683319896,57.6136187534373,-31.0216062420062,21.0816947741942,8.65606138715855,3.99327648330531,7.99491753520642,1.44307555944337
827.899437778131,-13.7785456468526,57.6292559984017,-75.465474021984,21.0810457560399,8.65592848865678,3.99327648330531,7.99491753520642,1.44307555944337
822.899437778131,-13.8486981800472,57.6540424688011,-109.567981297198,21.0804398099355,8.65580659647718,3.99327648330531,7.99491753520642,1.44307555944337
817.899437778131,-13.9188507132418,57.6788289392005,-138.667221251926,21.0798744360396,8.6555958008219,3.99327648330531,7.99491753520642,1.44307555944337
812.899437778131,-13.9890032464363,57.7036154095999,-163.588251547563,21.0793482327418,8.65539868051095,3.99327648330531,7.99491753520642,1.44307555944337
807.899437778131,-14.0591557796309,57.7284018799992,-185.331050914878,21.0788597978384,8.65521477765014,3.99327648330531,7.99491753520642,1.44307555944337
802.899437778131,-14.1265687571036,57.7553674352274,-205.070584698448,21.078407728558,8.655043634233,3.99327648330531,7.99491753520642,1.44307555944337
797.899437778131,-14.1931824807916,57.7829687292299,-223.707323964202,21.0777106387781,8.65455205819766,3.99327648330531,7.99491753520642,1.44307555944337
792.899437778131,-14.2597962044795,57.8105700232324,-241.031857409407,21.0770710322809,8.65408662431762,3.99327648330531,7.99491753520642,1.44307555944337
787.899437778131,-14.3264099281675,57.8381713172349,-270.713274619346,21.0764864384709,8.65364662029626,3.99327648330531,7.99491753520642,1.44307555944337
782.899437778131,-14.3930236518555,57.8657726112373,-310.305592862688,21.0759543861288,8.65323133352516,3.99327648330531,7.99491753520642,1.44307555944337
777.899437778131,-14.4609474479434,57.8924651526657,-341.68026359902,21.0754724034751,8.65284005110452,3.99327648330531,7.99491753520642,1.44307555944337
772.899437778131,-14.5295842154482,57.9186631301218,-375.395425255641,21.0746438923893,8.65174229147281,3.99327648330531,7.99491753520642,1.44307555944337
767.899437778131,-14.5982209829529,57.9448611075778,-411.711775235574,21.073863106725,8.6506998299258,3.99327648330531,7.99491753520642,1.44307555944337
762.899437778131,-14.6668577504576,57.9710590850338,-457.191288011653,21.0731286485162,8.64971127071558,3.99327648330531,7.99491753520642,1.44307555944337
757.899437778131,-14.7354945179624,57.9972570624899,-497.279599898481,21.0724391179379,8.64877521475347,3.99327648330531,7.99491753520642,1.44307555944337
752.899437778131,-14.8036289163625,58.023851566545,-519.377643898893,21.0717931133355,8.6478902596931,3.99327648330531,7.99491753520642,1.44307555944337
747.899437778131,-14.8712089988196,58.0508835995279,-536.976797048206,21.0690665021798,8.64277312621476,3.99327648330531,7.99491753520642,1.44307555944337
742.899437778131,-14.9387890812768,58.0779156325107,-553.332056741689,21.0659487415024,8.63723547010438,3.99327648330531,7.99491753520642,1.44307555944337
737.899437778131,-15.0063691637339,58.1049476654936,-570.50469030342,21.0624134966241,8.63094174330559,3.99327648330531,7.99491753520642,1.44307555944337
732.899437778131,-15.0739492461911,58.1319796984764,-589.103518734842,21.0584343915603,8.62384237824275,3.99327648330531,7.99491753520642,1.44307555944337
727.899437778131,-15.1415293286482,58.1590117314593,-650.144516575295,21.0539850035886,8.61588742866532,3.99327648330531,7.99491753520642,1.44307555944337
722.899437778131,-15.2099955720541,58.1853729462134,-739.973639209966,21.0490388574658,8.60702651987227,3.99327648330531,7.99491753520642,1.44307555944337
717.899437778131,-15.2785321693375,58.2116809035276,-834.534586660969,21.0424098907684,8.59387230390805,3.99327648330531,7.99491753520642,1.44307555944337
712.899437778131,-15.3470687666209,58.2379888608417,-916.541921005291,21.03644658465,8.58203340391782,3.99327648330531,7.99491753520642,1.44307555944337
707.899437778131,-15.4156053639043,58.2642968181559,-975.579414707202,21.0311140862464,8.57144390607055,3.99327648330531,7.99491753520642,1.44307555944337
702.899437778131,-15.4841419611876,58.2906047754701,-1024.2303263399,21.0263774462109,8.56203700031819,3.99327648330531,7.99491753520642,1.44307555944337
697.899437778131,-15.553255121492,58.3166480965113,-1067.55923103289,21.0222016287842,8.55337876589491,3.99327648330531,7.99491753520642,1.44307555944337
692.899437778131,-15.6225347939679,58.3426149902429,-1100.44017235708,21.0157028758444,8.53947245714859,3.99327648330531,7.99491753520642,1.44307555944337
687.899437778131,-15.6918144664439,58.3685818839745,-1115.69808850576,21.0082896425278,8.52355966099131,3.99327648330531,7.99491753520642,1.44307555944337
682.899437778131,-15.7610941389198,58.3945487777061,-1126.00414710208,20.9999010481499,8.50549691797795,3.99327648330531,7.99491753520642,1.44307555944337
677.899437778131,-15.8303738113958,58.4205156714377,-1134.875757611,20.990475985706,8.48513798476415,3.99327648330531,7.99491753520642,1.44307555944337
672.899437778131,-15.8992758780074,58.4468508075397,-1142.94836755422,20.9799530921167,8.46153872042032,3.99327648330531,7.99491753520642,1.44307555944337
667.899437778131,-15.9681630667137,58.4732004526195,-1151.17961387451,20.9535844078906,8.42567767672895,3.98661673439869,7.99490950929627,1.44307555944337
662.899437778131,-16.0370502554201,58.4995500976993,-1159.66312662471,20.9232090996502,8.38637573321211,3.97703753725492,7.99490950929627,1.44307555944337
657.899437778131,-16.1059374441264,58.5258997427791,-1169.71245839005,20.888530805368,8.34321798191681,3.96462114520495,7.99490950929627,1.44307555944337
652.899437778131,-16.1780052692332,58.5501943080769,-1182.03735289526,20.8492486116065,8.29574042655062,3.94814737187013,7.99490950929627,1.44307555944337
647.899437778131,-16.2512462919885,58.5737308443316,-1195.61655411219,20.8016775137262,8.23648311507333,3.93210664070209,7.99486507331551,1.44307555944337
642.899437778131,-16.3244873147437,58.5972673805863,-1201.91301759951,20.7462096229966,8.16255516429937,3.91679781315245,7.99481733284832,1.44307555944337
637.899437778131,-16.3966529162878,58.6217549042135,-1201.50614103615,20.682191908874,8.07202117293651,3.90134759991469,7.99479525804752,1.44307555944337
632.899437778131,-16.466428443628,58.6483559535588,-1195.95714632412,20.6200905992383,7.98074076636747,3.88800710293462,7.99479525804752,1.44307555944337
627.899437778131,-16.5362039709681,58.674957002904,-1174.40718794166,20.5749845320909,7.91534399543737,3.87698402003016,7.99479525804752,1.44307555944337
622.899437778131,-16.6059794983083,58.7015580522493,-1157.00217867805,20.5442179273304,7.87184454162777,3.86806854441331,7.99479525804752,1.44307555944337
617.899437778131,-16.6728274248072,58.7300554875896,-1144.72671327228,20.5250858869318,7.84626579120989,3.86054043647713,7.99479525804752,1.44307555944337
612.899437778131,-16.7385381866855,58.7592895339563,-1134.57295820798,20.5111398145441,7.82766130017809,3.85498343230741,7.99479525804752,1.44307555944337
607.899437778131,-16.8042489485638,58.788523580323,-1127.12214241841,20.5002364926268,7.81297631643537,3.85090612204116,7.99479525804752,1.44307555944337
602.899437778131,-16.8699597104421,58.8177576266897,-1120.53932433985,20.4920043378103,7.80138252860898,3.84834292942875,7.99479525804752,1.44307555944337
597.899437778131,-16.9356793586002,58.8470464577595,-1113.71839808633,20.4860701333732,7.79266543437878,3.84686281528001,7.99479525804752,1.44307555944337
592.899437778131,-17.0013997449993,58.8763398401498,-1098.98589325558,20.4801197810532,7.78116623839721,3.8466235707392,7.99479525804752,1.44307555944337
587.899437778131,-17.0671201313983,58.9056332225401,-1028.19042351935,20.4716186548647,7.76648965099455,3.84594144826015,7.99479525804752,1.44307555944337
582.899437778131,-17.1369180756015,58.9324337776473,-942.037819942472,20.4601105062421,7.74743514525327,3.84471642411761,7.99479525804752,1.44307555944337
577.899437778131,-17.2091206903017,58.9577642301808,-849.389837296255,20.4469783519142,7.72537173041547,3.84340845596881,7.99479525804752,1.44307555944337
572.899437778131,-17.2813233050019,58.9830946827143,-786.316275329007,20.4332097068578,7.70126216635558,3.84233403988657,7.99479525804752,1.44307555944337
567.899437778131,-17.3535259197021,59.0084251352478,-782.494484171571,20.4187887042153,7.67500218258987,3.84147027235727,7.99479525804752,1.44307555944337
562.899437778131,-17.4257252137559,59.0337590049128,-783.025571202532,20.4036993761289,7.64648435157449,3.84079421408594,7.99479525804752,1.44307555944337
557.899437778131,-17.4975987302616,59.0594281179506,-785.855921617235,20.3878823850294,7.61552622197734,3.84027940304405,7.99479525804752,1.44307555944337
552.899437778131,-17.5694722467673,59.0850972309883,-837.400483163527,20.3666859966857,7.57517111574593,3.8393772584991,7.99479525804752,1.44307555944337
547.899437778131,-17.6413457632731,59.1107663440261,-958.069527496205,20.3393114329729,7.52486195785548,3.83817440986145,7.99479525804752,1.44307555944337
542.899437778131,-17.7132192797788,59.1364354570639,-1155.82405102153,20.304950768232,7.46173257847994,3.83662756272755,7.99479525804752,1.44307555944337
537.899437778131,-17.7848989493607,59.1622776909221,-1318.83211575814,20.2627842410807,7.38575606547756,3.83430555517258,7.99479525804752,1.44307555944337
532.899437778131,-17.8553920297926,59.1891796438784,-1455.87830496838,20.2015304810826,7.29656220007649,3.82419647396385,7.99479525804752,1.44307555944337
527.899437778131,-17.9258851102244,59.2160815968348,-1555.29510910816,20.1454177568575,7.21215635979184,3.81582953094578,7.99479525804752,1.44307555944337
522.899437778131,-17.9963781906563,59.2429835497911,-1627.73666907804,20.09424602029,7.13084490026846,3.80855847482675,7.99479525804752,1.44307555944337
517.899437778131,-18.0669428192474,59.2698493705046,-1698.68132989658,20.0478096205164,7.05357758907938,3.80304129872622,7.99479525804752,1.44307555944337
512.899437778131,-18.1380044371636,59.2964642086755,-1744.15929188826,19.9850186089049,6.9772302775605,3.79293588854675,7.9926710780815,1.44307555944337
507.899437778131,-18.2090660550799,59.3230790468464,-1822.23511359738,19.9006963998524,6.88072226241877,3.77851007234044,7.98908431709467,1.44307555944337
502.899437778131,-18.2801276729961,59.3496938850173,-2022.62407447222,19.7914551994079,6.76377789063625,3.75819334175124,7.98337891631845,1.44307555944337
497.899437778131,-18.3512068843457,59.3764016961216,-2271.09074160028,19.653747292573,6.62199036669743,3.73107625398544,7.97534783066365,1.44307555944337
492.899437778131,-18.4223162400125,59.4032688056156,-2480.74883675131,19.4573968670086,6.47706566178689,3.69967586415593,7.93882658638782,1.44307555944337
487.899437778131,-18.4934255956794,59.4301359151096,-2640.43127809424,19.2940623938575,6.36724242289373,3.67156038153079,7.90382735902348,1.44307555944337
482.899437778131,-18.5645349513462,59.4570030246037,-2706.68580019075,19.1611806615196,6.2863503041761,3.64721185173859,7.87113935040075,1.44307555944337
477.899437778131,-18.635644307013,59.4838701340977,-2712.10647488778,19.0559640655766,6.2318827274643,3.62530933143679,7.84070148617963,1.44307555944337
472.899437778131,-18.7067536626799,59.5107372435917,-2712.49990064893,18.9754352761047,6.1977569918015,3.60769671261529,7.81179285368575,1.44307555944337
467.899437778131,-18.7778874255709,59.5376116870346,-2711.48652868574,18.9164630117737,6.17993685591224,3.59258011600998,7.78504814243261,1.44307555944337
462.899437778131,-18.8491565510115,59.5645268045833,-2708.25666529609,18.8286256508746,6.17127395814927,3.57985874657909,7.70755918465574,1.44174152550718
457.899437778131,-18.9204256764522,59.591441922132,-2703.40363288131,18.7307207686905,6.15882049175698,3.56504525283884,7.62867482930443,1.44045604800287
452.899437778131,-18.9916948018928,59.6183570396807,-2697.74606064558,18.62208701219,6.1425282863773,3.54796105687068,7.54834897358071,1.4392183108775
447.899437778131,-19.0629639273335,59.6452721572294,-2692.85129934671,18.5020296366978,6.12122330237413,3.52842000094433,7.46510066393623,1.43838633609423
442.899437778131,-19.1342330527742,59.6721872747781,-2689.37378097984,18.3698153232007,6.09419203879141,3.5071449608478,7.37903865143717,1.43758799262716
437.899437778131,-19.2055021782148,59.6991023923268,-2687.47400627276,18.2246661558683,6.0606933623099,3.48311282089375,7.29128494117784,1.4368226229537
432.899437778131,-19.2767713036555,59.7260175098754,-2687.48424545843,18.0657525782361,6.01995036383216,3.45611354762369,7.20177507741021,1.43608956583283
427.899437778131,-19.3482315710955,59.7529837068797,-2688.53581946915,17.8921850971194,5.97114041144927,3.42592317055526,7.11044008901068,1.43538815644555
422.899437778131,-19.4198452179143,59.7799908919201,-2691.42952299243,17.6909827895873,5.92009540053416,3.39684866016433,7.01915750570019,1.41775141204594
417.899437778131,-19.4914588647331,59.8069980769605,-2695.135174525,17.5028400500637,5.87194723260134,3.37018783201609,6.93467489763771,1.40062275081158
412.899437778131,-19.563072511552,59.8340052620009,-2700.48785209749,17.3275756551536,5.82665512583337,3.34587101201851,6.85687986701035,1.38400569812367
407.899437778131,-19.6346861583708,59.8610124470413,-2705.44786168076,17.1649717740114,5.78417276940152,3.32382144846105,6.78563487668591,1.36790338002596
402.899437778131,-19.7062998051897,59.8880196320817,-2710.0968728998,17.0147737153811,5.74554671685747,3.30291074845219,6.72077714716826,1.35231848683185
397.899437778131,-19.7655157986642,59.9181849344218,-2712.6861658374,16.876690040514,5.70953447378309,3.28419696695554,6.66211888432237,1.33725323651226
392.899437778131,-19.8053225171351,59.9532944601131,-2711.92411543729,16.7408463286582,5.67218211376216,3.26659420926212,6.60379516034827,1.32498233456846
387.899437778131,-19.8451292356059,59.9884039858044,-2710.4034982568,16.5845223361344,5.62470752273177,3.24663658293949,6.53982756019094,1.31058797934095
382.899437778131,-19.8849359540768,60.0235135114957,-2706.86366968938,16.4058437700721,5.56925267769107,3.22384385142172,6.46770219188965,1.29490717761324
377.899437778131,-19.9247426725476,60.058623037187,-2702.93229818523,16.2027662061194,5.50523643321354,3.19685882428957,6.38910345490134,1.27656292216461
372.899437778131,-19.9645493910185,60.0937325628783,-2699.32899973792,15.9730355434653,5.43011044234979,3.16783957470627,6.30229577886074,1.2551299109968
367.899437778131,-20,60.1299240242303,-2693.81848658322,15.7141376904189,5.34488012071875,3.1337069284614,6.20667571818721,1.2317780995161
362.899437778131,-20,60.1749204245183,-2679.02905960414,15.4427209012105,5.24376265757284,3.09781953212022,6.10194750298869,1.21925584362448
357.899437778131,-20,60.2199168248063,-2665.02509027007,15.1713352154424,5.15027882658265,3.06172837131089,5.99357637565494,1.2033400773383
352.899437778131,-20,60.2649132250942,-2651.52596420336,14.8999385182591,5.06191796275777,3.02744754864595,5.88348723965333,1.18144681535929
347.899437778131,-20,60.3099096253822,-2639.62147050932,14.6284855639259,4.98095514644181,2.9931120098614,5.76993815683787,1.15417957207675
342.899437778131,-20,60.3549060256702,-2627.52771206994,14.3569276787961,4.90505417881807,2.96189165496585,5.65116847540554,1.12038340299493
337.899437778131,-20,60.3999024259582,-2614.02973042987,14.0852124281486,4.83419372274934,2.93247723495199,5.52886385385679,1.07858878398894
332.899437778131,-20,60.4448988262461,-2600.53060436316,13.8552928847909,4.76660185076298,2.90365169083087,5.41481407346166,1.06667581573274
327.899437778131,-20,60.4898952265341,-2566.88184357077,13.6430822711509,4.70221284888705,2.87740555750257,5.31568033515764,1.05277723250967
322.899437778131,-20,60.5348916268221,-2532.87764535139,13.4483685338988,4.64102829070854,2.85366092241523,5.2286237920884,1.03881820664471
317.899437778131,-20,60.5798880271101,-2507.44651662824,13.2708572519285,4.58467891337978,2.83104210133774,5.1544670119892,1.02355315646091
312.899437778131,-20,60.6248844273981,-2487.1386575019,13.110169406717,4.52901241257121,2.81085566147069,5.09202564132605,1.00742607425082
307.899437778131,-20,60.669880827686,-2439.68668429501,12.9658405522055,4.47645310364996,2.79363850943373,5.03823407652439,0.992225483361072
302.899437778131,-20,60.714877227974,-2414.64439086745,12.8183458894733,4.42720417522004,2.77401570514579,4.98266457578232,0.975255893572601
297.899437778131,-20,60.759873628262,-2406.2227197937,12.6675151985775,4.37982842562413,2.75297745386796,4.92635838448732,0.954810043633575
292.899437778131,-20,60.80487002855,-2388.78522856347,12.5132190038934,4.33567372700497,2.73009370855589,4.86717267753085,0.931990296310035
287.899437778131,-20,60.8498664288379,-2364.05545986518,12.3553185165343,4.29467153377715,2.70440581294459,4.80599695061089,0.906490581313519
282.899437778131,-20,60.8948628291259,-2353.92497952961,12.1936646422369,4.25548512754583,2.67807905618861,4.74281660134734,0.875991657216461
277.899437778131,-20,60.9398592294139,-2348.60850129653,12.0262972697201,4.21705348516199,2.65035770361845,4.67362554627477,0.846726632976048
272.899437778131,-20,60.9848556297019,-2346,11.8467354163875,4.17803801806927,2.62150826668337,4.59592598317766,0.814078335187541
267.899437778131,-20,61.0298520299898,-2346,11.654135672037,4.13455107813876,2.59022746626846,4.5089887530496,0.779864718530795
262.899437778131,-20,61.0748484302778,-2347.4909743435,11.4475551549722,4.09427730788889,2.55761251476087,4.41023461484772,0.743869213932811
257.899437778131,-20,61.1198448305658,-2349,11.225931590476,4.05336380262256,2.52359743358461,4.30041689792737,0.702660493085964
252.899437778131,-20,61.1648412308538,-2349,10.9880580003764,4.01042609497757,2.48968099670073,4.17611951019708,0.658475388784033
247.899437778131,-20,61.2098376311418,-2348.4097789018,10.7310676076256,3.96141319652364,2.44534790728703,4.03006931912987,0.64172988674927
242.899437778131,-20,61.2548340314297,-2343.12986106538,10.4216910079902,3.90307072908191,2.39198681374748,3.85802579360918,0.616221631464561
237.899437778131,-20,61.2998304317177,-2329.07089932583,10.0512818278724,3.83389882106904,2.32586062335896,3.65603740772096,0.582236593315626
232.899437778131,-20,61.3448268320057,-2264.51516308884,9.60879853725985,3.75211100404765,2.24819019977092,3.41381852873726,0.536599999215158
227.899437778131,-20,61.3898232322937,-2201.00727519227,9.07949206151,3.65554467315732,2.15765018660458,3.12079705827614,0.473956862971811
222.899437778131,-20,61.4348196325816,-2231.91088172042,8.69185696003217,3.54932453274956,2.05858332011165,2.93127121624738,0.473956862971811
217.899437778131,-20,61.4798160328696,-2221.47739554956,8.35005303595856,3.45530607059193,1.97541427651354,2.76357170403805,0.473956862971811
212.899437778131,-20,61.5248124331576,-2173.02787080563,8.05438457685664,3.36964458624185,1.90400267743131,2.62328419010283,0.473956862971811
207.899437778131,-20,61.5698088334456,-2080.17109120592,7.80438596915988,3.29255474158391,1.84963820284792,2.50738873720854,0.473956862971811
202.899437778131,-20,61.6148052337335,-2042.45055127168,7.59869980386011,3.22364779062363,1.80562912967667,2.42068840100176,0.473956862971811
197.899437778131,-20,61.6598016340215,-2001.59175262463,7.43500827141799,3.16488140487889,1.77130008385633,2.35839585338242,0.473956862971811
192.899437778131,-20,61.7047980343095,-1937.51614246814,7.27154605079967,3.10604442738253,1.74122745683009,2.29077418254739,0.473956862971811
187.899437778131,-20,61.7497944345975,-1866.34535514594,7.09838537052828,3.05004436566109,1.70995887003613,2.2176354899975,0.472434495928337
182.899437778131,-20,61.7947908348854,-1809.18756229309,6.9146911300226,2.9969035856463,1.67742003785855,2.14079095269372,0.466015295767443
177.899437778131,-20,61.8397872351734,-1809.38731631433,6.71948981656099,2.94474945962293,1.64352795387419,2.05738316837109,0.453147354981094
172.899437778131,-19.9972561561345,61.8846365118892,-1808.42736121597,6.51163340292655,2.89393005974905,1.61167707739663,1.96433560901183,0.430496117648007
167.899437778131,-19.9846368085118,61.9289562689013,-1787.74694088256,6.29982455830943,2.84646809853764,1.57953456993606,1.86651547871471,0.398530742361456
162.899437778131,-19.9720174608892,61.9732760259133,-1807.74548759204,6.10996507793512,2.80362968023386,1.5507650567454,1.7798220306896,0.36833812494487
157.899437778131,-19.9593981132665,62.0175957829254,-1879.27125693592,5.94203901690015,2.76259314485604,1.52525529081006,1.70917889391819,0.336427742200217
152.899437778131,-19.9467787656439,62.0619155399375,-1834.91526671309,5.79577857602027,2.7261951598034,1.5029799568066,1.65152597691847,0.302932547172372
147.899437778131,-19.9341594180212,62.1062352969496,-1818.15647001353,5.67063704611535,2.69426821426934,1.4838047601194,1.6059431566375,0.2679816511785
142.899437778131,-19.9215400703985,62.1505550539617,-1812.55168147479,5.56577303714942,2.66575529522051,1.46763046929504,1.57240339294651,0.231674966005639
137.899437778131,-19.9030290748523,62.194568093595,-1810.18177015291,5.48004838486076,2.64139872741802,1.45423277650431,1.54715206718333,0.197420382289039
132.899437778131,-19.8812073256835,62.2384087764129,-1810,5.40560060410614,2.61816520882402,1.44017892140099,1.52005194518528,0.191623382339384
127.899437778131,-19.8593855765148,62.2822494592308,-1811,5.3174758584612,2.5944422379225,1.42338880224456,1.48291066484994,0.183757526855476
122.899437778131,-19.8375638273461,62.3260901420487,-1812.42196244303,5.21399010311667,2.57021457283399,1.40354394843258,1.43349465122548,0.173271151767372
117.899437778131,-19.8157420781774,62.3699308248666,-1813,5.09319298686498,2.5454660971121,1.38028862565854,1.36895398444693,0.159354518030586
112.899437778131,-19.7939203290086,62.4137715076845,-1813.36474004861,4.95277517673377,2.52017974488701,1.35472979071268,1.28595290933819,0.135389406094297
107.899437778131,-19.7720985798399,62.4576121905024,-1814.96381095926,4.78993319998617,2.49433741751579,1.32519837902864,1.17838781297854,0.0995270580868988
102.899437778131,-19.7502947139638,62.5014554312549,-1828.04778422921,4.60116445389122,2.46791989052618,1.29119994471706,1.03666468461632,0
97.8994377781314,-19.7290125959868,62.5453733001545,-1830.29923050186,4.47088930914901,2.44061148927387,1.25225290625549,0.958238007701635,0
92.8994377781314,-19.7077304780097,62.5892911690542,-1819.12675571575,4.321592141107,2.4041664709,1.21158214785413,0.872527360227922,0
87.8994377781314,-19.6864483600326,62.6332090379538,-1798.78082511317,4.15039397607883,2.35550283833038,1.1683115763573,0.781917272594441,0
82.8994377781314,-19.6651662420556,62.6771269068535,-1750.29396113839,3.95358310006793,2.29014800031287,1.12467754688853,0.679328205557494,0
77.8994377781314,-19.6438841240785,62.7210447757531,-1711.960725291,3.72618299043425,2.20905416858376,1.0751336954004,0.564415034213911,0
72.8994377781314,-19.6226020061015,62.7649626446528,-1690.19950911674,3.46117967036604,2.10634225065794,1.02429924598671,0.419610565283955,0
67.8994377781314,-19.6176263159106,62.8072696097353,-1627.86906228998,3.14800379810699,1.98057382010043,0.968257094938145,0.185188144655428,0
62.8994377781314,-19.6387684734458,62.8469964057489,-1613.19744220829,2.92635850595638,1.8386950186821,0.903166235147507,0.178281787696515,0
57.8994377781314,-19.6599106309809,62.8867232017625,-1464.96582268026,2.69478745035821,1.69775454186996,0.831879787818142,0.168117908940019,0
52.8994377781314,-19.6810527885161,62.9264499977762,-1427.59685141923,2.45032351231141,1.56189702679759,0.747730947397508,0.153418590244439,0
47.8994377781314,-19.7021949460512,62.9661767937898,-1414.87197569341,2.1884774703886,1.43111319764245,0.645973810007122,0.131904504555335,0
42.8994377781314,-19.7233371035864,63.0059035898035,-1378.53963271095,1.90188497371872,1.3053269186255,0.516810268901013,0.0981322043384352,0
37.8994377781314,-19.765268054794,63.0434082333012,-1170.21816282927,1.57687225975033,1.17957910903094,0.342476670317039,0,0
32.8994377781314,-19.8264420456122,63.0788559527869,-1142.87388043271,1.39996912478555,1.04310080672924,0.305710032088682,0,0
27.8994377781314,-19.8876160364304,63.1143036722726,-1039.21253281991,1.1747855371975,0.874117333522115,0.255302488824432,0,0
22.8994377781314,-19.9487900272486,63.1497513917584,-834.543305110573,0.862904808162131,0.638153101752614,0.188487563876299,0,0
17.8994377781314,-20.009282493279,63.1854430727871,-728.883164148527,0.225438248241974,0.176465670438819,0,0,0
12.8994377781314,-20.0681984928542,63.2216990725256,-485.153740823929,0.150179371374232,0.111641070991962,0,0,0
7.89943777813141,-20.1271144924293,63.2579550722642,-162.939500232894,0.0554964884144586,0.0424717187434032,0,0,0
