Refdist,Lon,Lat,Water_depth,Total,Upper_water,Permanent_pycnocline,Labrador_sea_water_level,Overflow_water
1302.89943777813,-6.208,56.675,-15.381060195979,4.27942225968975,6.19025069867941,-0.784983479922737,-1.72909980908646,-0.840640015922894
1297.89943777813,-6.28518755775411,56.6885243156749,-22.5243973623362,4.27942225968975,6.19025069867941,-0.784983479922737,-1.72909980908646,-0.840640015922894
1292.89943777813,-6.35984627240515,56.7059330156902,-41.1633980048146,4.27942225968975,6.19025069867941,-0.784983479922737,-1.72909980908646,-0.840640015922894
1287.89943777813,-6.43379938921198,56.7232145267395,-21.6882899736771,4.27942225968975,6.19025069867941,-0.784983479922737,-1.72909980908646,-0.840640015922894
1282.89943777813,-6.51190206270632,56.7315946419213,-35.983620630592,4.27942225968975,6.19025069867941,-0.784983479922737,-1.72909980908646,-0.840640015922894
1277.89943777813,-6.59327276804972,56.733,-43.3286917147893,4.27942225968975,6.19025069867941,-0.784983479922737,-1.72909980908646,-0.840640015922894
1272.89943777813,-6.67530195581663,56.733,-38.7762595864474,4.27942225968975,6.19025069867941,-0.784983479922737,-1.72909980908646,-0.840640015922894
1267.89943777813,-6.75733114358354,56.733,-25.6288069209906,4.27942225968975,6.19025069867941,-0.784983479922737,-1.72909980908646,-0.840640015922894
1262.89943777813,-6.83936033135044,56.733,-78.9653886422808,4.27942225968975,6.19025069867941,-0.784983479922737,-1.72909980908646,-0.840640015922894
1257.89943777813,-6.92138951911735,56.733,-96.9621984733552,4.27942225968975,6.19025069867941,-0.784983479922737,-1.72909980908646,-0.840640015922894
1252.89943777813,-7.00341870688426,56.733,-127.589980321091,4.27942225968975,6.19025069867941,-0.784983479922737,-1.72909980908646,-0.840640015922894
1247.89943777813,-7.08544789465116,56.733,-183.294603843169,4.27942225968975,6.19025069867941,-0.784983479922737,-1.72909980908646,-0.840640015922894
1242.89943777813,-7.16747708241807,56.733,-190.235179303556,4.27942225968975,6.19025069867941,-0.784983479922737,-1.72909980908646,-0.840640015922894
1237.89943777813,-7.24950627018498,56.733,-102.976605837331,4.27942225968975,6.19025069867941,-0.784983479922737,-1.72909980908646,-0.840640015922894
1232.89943777813,-7.33153545795189,56.733,-98.2650114738381,4.27942225968975,6.19025069867941,-0.784983479922737,-1.72909980908646,-0.840640015922894
1227.89943777813,-7.41356464571879,56.733,-145.097654991021,4.26587792829012,6.19025069867941,-0.784983479922737,-1.72909980908646,-0.840640015922894
1222.89943777813,-7.4955938334857,56.733,-164.821481373081,4.26063736278307,6.18444843911335,-0.784983479922737,-1.72909980908646,-0.840640015922894
1217.89943777813,-7.57762302125261,56.733,-52.8104717984553,4.26063736278307,6.18444843911335,-0.784983479922737,-1.72909980908646,-0.840640015922894
1212.89943777813,-7.65828464007842,56.7386144624683,-25.5732169026043,4.26063736278307,6.18444843911335,-0.784983479922737,-1.72909980908646,-0.840640015922894
1207.89943777813,-7.73884071799207,56.7446622160655,-33.3304520189541,4.26063736278307,6.18444843911335,-0.784983479922737,-1.72909980908646,-0.840640015922894
1202.89943777813,-7.81820078327276,56.7557403578488,-37.0920495820681,4.26063736278307,6.18444843911335,-0.784983479922737,-1.72909980908646,-0.840640015922894
1197.89943777813,-7.89736852494423,56.7676274061478,-48.5019608249751,4.26063736278307,6.18444843911335,-0.784983479922737,-1.72909980908646,-0.840640015922894
1192.89943777813,-7.97658598308737,56.7794949076478,-86.7598909536867,4.26063736278307,6.18444843911335,-0.784983479922737,-1.72909980908646,-0.840640015922894
1187.89943777813,-8.05581928414498,56.7913561802612,-103.566044117718,4.26063736278307,6.18444843911335,-0.784983479922737,-1.72909980908646,-0.840640015922894
1182.89943777813,-8.13476598158229,56.8038134024188,-113.066293803353,4.26063736278307,6.18444843911335,-0.784983479922737,-1.72909980908646,-0.840640015922894
1177.89943777813,-8.21355878967834,56.8165906145424,-118.627102477198,4.26492355047637,6.18444843911335,-0.784983479922737,-1.72909980908646,-0.840640015922894
1172.89943777813,-8.29076095090814,56.8316803943487,-127.203270701179,4.26352660671374,6.18444843911335,-0.784983479922737,-1.72909980908646,-0.840640015922894
1167.89943777813,-8.36659444837915,56.8487600108962,-129.859741171384,4.26441912782036,6.18444843911335,-0.784983479922737,-1.72909980908646,-0.840640015922894
1162.89943777813,-8.44208284072306,56.8664241355593,-127.460580085503,4.27094435915464,6.18444843911335,-0.784983479922737,-1.72909980908646,-0.840640015922894
1157.89943777813,-8.51690698215271,56.8852133088517,-124.111066869115,4.27915451724156,6.18798708727848,-0.784983479922737,-1.72909980908646,-0.840640015922894
1152.89943777813,-8.59173112358236,56.904002482144,-122.617093092909,4.28334346420378,6.18972469764665,-0.784983479922737,-1.72909980908646,-0.840640015922894
1147.89943777813,-8.66688429904791,56.9224399259772,-121,4.28351120004128,6.18966127021784,-0.784983479922737,-1.72909980908646,-0.840640015922894
1142.89943777813,-8.74269105587698,56.9401787070752,-120,4.27975517221682,6.18794385837865,-0.784983479922737,-1.72909980908646,-0.840640015922894
1137.89943777813,-8.81849781270604,56.9579174881732,-122.269726982986,4.27226894686223,6.18486456368224,-0.784983479922737,-1.72909980908646,-0.840640015922894
1132.89943777813,-8.89431497290455,56.9756486112683,-135.273026659945,4.26105252397751,6.18042338612861,-0.784983479922737,-1.72909980908646,-0.840640015922894
1127.89943777813,-8.97040292999917,56.9931803986173,-173.783570522701,4.24570125659897,6.17444952622228,-0.784983479922737,-1.72909980908646,-0.840640015922894
1122.89943777813,-9.04649088709379,57.0107121859663,-228.345535167112,4.21568229358452,6.16545672753345,-0.784983479922737,-1.72909980908646,-0.840640015922894
1117.89943777813,-9.12253139411061,57.0283197304678,-316.129745448914,4.17099563493416,6.15200261548904,-0.784983479922737,-1.72909980908646,-0.840640015922894
1112.89943777813,-9.19836291115698,57.0462609411255,-425.495887962062,4.1023902108758,6.15200261548904,-0.784983479922737,-1.72909980908646,-0.840640015922894
1107.89943777813,-9.27413544876553,57.0642838621914,-754.174954613597,4.03255166808165,6.1400341918036,-0.784983479922737,-1.72909980908646,-0.840640015922894
1102.89943777813,-9.34934530414288,57.0830863260357,-933.603529605289,3.8392306884396,6.00418677004391,-0.784983479922737,-1.72909980908646,-0.840640015922894
1097.89943777813,-9.42657860076367,57.0991668278258,-1265.18062696593,3.68563361039396,5.89637347238226,-0.784983479922737,-1.72909980908646,-0.840640015922894
1092.89943777813,-9.50443257570478,57.1144123842764,-1639.60803990747,3.47376548441001,5.7242677113127,-0.784983479922737,-1.72909980908646,-0.840640015922894
1087.89943777813,-9.58211174227366,57.1299610769706,-1813.58438652219,3.28916057288363,5.57514248487982,-0.784983479922737,-1.72909980908646,-0.840640015922894
1082.89943777813,-9.65939356504216,57.1461988059251,-1904.21694812979,3.1377851308058,5.43988523050051,-0.776419960389086,-1.7227056999587,-0.840640015922894
1077.89943777813,-9.73667538781066,57.1624365348796,-1956.40110784953,3.01741120993397,5.32426804883219,-0.763123897659711,-1.71686064161654,-0.840640015922894
1072.89943777813,-9.81395721057917,57.1786742638342,-1993.02320936738,2.92803881026814,5.23080714090052,-0.744738227239289,-1.71156463405996,-0.840640015922894
1067.89943777813,-9.89117939143122,57.1950533070493,-2034.62595188889,2.86966793180831,5.15966176845462,-0.721422210876938,-1.70681767728898,-0.840640015922894
1062.89943777813,-9.96817737735319,57.2119635528594,-2079.62443374358,2.82906063162592,5.11417278907515,-0.694858421729356,-1.71776347862158,-0.840640015922894
1057.89943777813,-10.0451753632752,57.2288737986695,-2119.64794395463,2.82781860514465,5.10689854052854,-0.671001562528726,-1.73033425886757,-0.840640015922894
1052.89943777813,-10.1221733491971,57.2457840444796,-2182.96694658848,2.8659418523645,5.13783902281478,-0.650350020892962,-1.74403163040905,-0.840640015922894
1047.89943777813,-10.1991713351191,57.2626942902897,-2203.49317438047,2.94343037328548,5.20699423593388,-0.632903796822064,-1.75885559324602,-0.840640015922894
1042.89943777813,-10.2763600470941,57.2795003992068,-2205.91053451933,3.06028416790759,5.31436417988584,-0.618662890316032,-1.77480614737848,-0.840640015922894
1037.89943777813,-10.3536041481333,57.2962762655589,-2206.32926828121,3.25351160410973,5.46524562402763,-0.59334939706819,-1.77379778121898,-0.840640015922894
1032.89943777813,-10.4308482491725,57.313052131911,-2210.28984532107,3.54721297350442,5.6611768117905,-0.552816847592793,-1.736762212036,-0.840640015922894
1027.89943777813,-10.5080923502118,57.3298279982632,-2233.46427841181,3.94138827609167,5.89902955360773,-0.497065241889841,-1.66369943982954,-0.840640015922894
1022.89943777813,-10.5857477683059,57.3460511917987,-2254.23712039791,4.43603751187146,6.1840589621521,-0.428742523399371,-1.55460946459959,-0.840640015922894
1017.89943777813,-10.6635184468201,57.3621195138058,-2217.91750731081,4.71428943432327,6.42998916855805,-0.428742523399371,-1.55460946459959,-0.840640015922894
1012.89943777813,-10.7412891253343,57.3781878358129,-1452.26900886761,4.99389856162605,6.68186697036454,-0.428742523399371,-1.55460946459959,-0.840640015922894
1007.89943777813,-10.8193556050734,57.3939459500507,-872.154692014844,5.27486489377982,6.9360795047976,-0.428742523399371,-1.55460946459959,-0.840640015922894
1002.89943777813,-10.8975681727279,57.4095508613856,-718.48924325501,5.45114583772934,7.08709067033044,-0.428742523399371,-1.55460946459959,-0.840640015922894
997.899437778131,-10.9757970174599,57.425118667044,-672.93026987602,5.59608109644451,7.21145763973783,-0.428742523399371,-1.55460946459959,-0.840640015922894
992.899437778131,-11.0556401809567,57.4370064269424,-618.255648149543,5.70918381063264,7.30876469018746,-0.428742523399371,-1.55460946459959,-0.840640015922894
987.899437778131,-11.1354833444535,57.4488941868409,-616.775376338341,5.74216852522217,7.33778149816987,-0.428742523399371,-1.55460946459959,-0.840640015922894
982.899437778131,-11.2159135300188,57.4596669922014,-674.334044451419,5.6950352402131,7.29850806368503,-0.428742523399371,-1.55460946459959,-0.840640015922894
977.899437778131,-11.2988147742697,57.4657464167798,-784.169614226904,5.57527794329686,7.19702602103507,-0.428742523399371,-1.55460946459959,-0.840640015922894
972.899437778131,-11.3817160185205,57.4718258413582,-1352.36434206744,5.41444243891392,7.06150944048354,-0.428742523399371,-1.55460946459959,-0.840640015922894
967.899437778131,-11.4648160008655,57.4768675422545,-2022.08347532709,5.21252872706427,6.89008052028006,-0.428742523399371,-1.55460946459959,-0.840640015922894
962.899437778131,-11.5481331152228,57.4807754744476,-1950.28299113356,4.88496102070637,6.59895979588881,-0.428742523399371,-1.55460946459959,-0.840640015922894
957.899437778131,-11.6314502295801,57.4846834066407,-1888.53818752305,4.53207053161537,6.28934850407352,-0.428742523399371,-1.55460946459959,-0.840640015922894
952.899437778131,-11.7148330221721,57.4883135642319,-1877.63434943631,4.15385725979128,5.96124664483418,-0.428742523399371,-1.55460946459959,-0.840640015922894
947.899437778131,-11.79838532113,57.4912268243072,-1860.60567138374,3.57804971618885,5.55489768502044,-0.522424435280342,-1.57429448709252,-0.840640015922894
942.899437778131,-11.8819376200878,57.4941400843824,-1842.39025290012,2.99494814937079,5.16549552520724,-0.620997370565844,-1.61497832740272,-0.840640015922894
937.899437778131,-11.9654899190457,57.4970533444577,-1829.08326929421,2.40455255933712,4.7968507636053,-0.727803727653987,-1.67712918534278,-0.840640015922894
932.899437778131,-12.0490422180036,57.4999666045329,-1818.12297351628,1.80686294608782,4.44499780613002,-0.838432980180306,-1.7611919931926,-0.840640015922894
927.899437778131,-12.1323951277694,57.5043144319777,-1809.32139088409,1.2018793096229,4.10983945379426,-0.952368139026536,-1.86758654108329,-0.840640015922894
922.899437778131,-12.2157457253796,57.5086788949432,-1804.98498644987,0.757239370199291,3.8512525359492,-1.04010368634569,-1.92557398455741,-0.840640015922894
917.899437778131,-12.2990963229897,57.5130433579088,-1804.21738658374,0.451878670215917,3.66299629530643,-1.09641200393959,-1.95837200676631,-0.840640015922894
912.899437778131,-12.3824469205999,57.5174078208743,-1803.77757404981,0.285797209672775,3.54910638955673,-1.1226213240457,-1.96465237547251,-0.840640015922894
907.899437778131,-12.4657960135128,57.5218388402908,-1789.9610341631,0.258994988569866,3.50977002054277,-1.11993599185916,-1.94339794732354,-0.840640015922894
902.899437778131,-12.5491414493857,57.5264316195772,-1701.31598046234,0.304688952760647,3.54045374975969,-1.10170572204893,-1.94339794732354,-0.840640015922894
897.899437778131,-12.6324868852585,57.5310243988635,-1598.95322515794,0.435773674573409,3.63358316919102,-1.06771466200578,-1.94339794732354,-0.840640015922894
892.899437778131,-12.7158323211313,57.5356171781499,-1326.64379980875,0.652249154008152,3.78939882931973,-1.01796281172971,-1.94339794732354,-0.840640015922894
887.899437778131,-12.7992764126463,57.5397825586239,-1049.31026908954,0.954115391064877,4.01008666994773,-0.954636111022601,-1.94339794732354,-0.840640015922894
882.899437778131,-12.8827890480419,57.5436509913262,-613.885212113968,1.01936829103406,4.06260474910836,-0.954636111022601,-1.94339794732354,-0.840640015922894
877.899437778131,-12.9662783009834,57.547758492542,-360.411501150482,1.05035288943076,4.09242228112434,-0.954636111022601,-1.94339794732354,-0.840640015922894
872.899437778131,-13.0497314049721,57.5522355903955,-271.160595017249,1.04053108833858,4.08894308421952,-0.954636111022601,-1.94339794732354,-0.840640015922894
867.899437778131,-13.1331845089609,57.556712688249,-246.058675934195,1.02428309936733,4.08210354502993,-0.954636111022601,-1.94339794732354,-0.840640015922894
862.899437778131,-13.2166683025637,57.5611154091384,-218.333211895203,1.00160892251701,4.07277601322094,-0.954636111022601,-1.94339794732354,-0.840640015922894
857.899437778131,-13.3001724888318,57.5654687079486,-187.866154154864,0.985212868326249,4.06870324024995,-0.954636111022601,-1.94339794732354,-0.840640015922894
852.899437778131,-13.3836766750999,57.5698220067588,-157.876349300925,0.974730427898251,4.06622385549531,-0.954636111022601,-1.94339794732354,-0.840640015922894
847.899437778131,-13.467180861368,57.5741753055689,-126.814737464177,0.970161601233016,4.06533785895703,-0.954636111022601,-1.94339794732354,-0.840640015922894
842.899437778131,-13.5461499680333,57.5861375604997,-94.9775799411108,0.971506388330542,4.06604525063509,-0.954636111022601,-1.94339794732354,-0.840640015922894
837.899437778131,-13.6240591500115,57.5998781569685,-51.2651377144325,0.977362029342424,4.06835368462485,-0.954636111022601,-1.94339794732354,-0.840640015922894
832.899437778131,-13.7019683319896,57.6136187534373,-31.0216062420062,0.987400675603639,4.07226494981763,-0.954636111022601,-1.94339794732354,-0.840640015922894
827.899437778131,-13.7785456468526,57.6292559984017,-75.465474021984,1.00162232711419,4.07777904621343,-0.954636111022601,-1.94339794732354,-0.840640015922894
822.899437778131,-13.8486981800472,57.6540424688011,-109.567981297198,1.01941501777121,4.08456428958794,-0.954636111022601,-1.94339794732354,-0.840640015922894
817.899437778131,-13.9188507132418,57.6788289392005,-138.667221251926,1.03782668985465,4.09274088443549,-0.954636111022601,-1.94339794732354,-0.840640015922894
812.899437778131,-13.9890032464363,57.7036154095999,-163.588251547563,1.05685734336451,4.10064807973305,-0.954636111022601,-1.94339794732354,-0.840640015922894
807.899437778131,-14.0591557796309,57.7284018799992,-185.331050914878,1.07650697830079,4.1082858754806,-0.954636111022601,-1.94339794732354,-0.840640015922894
802.899437778131,-14.1265687571036,57.7553674352274,-205.070584698448,1.09677559466349,4.11565427167815,-0.954636111022601,-1.94339794732354,-0.840640015922894
797.899437778131,-14.1931824807916,57.7829687292299,-223.707323964202,1.11901325270871,4.12603325985576,-0.954636111022601,-1.94339794732354,-0.840640015922894
792.899437778131,-14.2597962044795,57.8105700232324,-241.031857409407,1.13771557498197,4.13448151183835,-0.954636111022601,-1.94339794732354,-0.840640015922894
787.899437778131,-14.3264099281675,57.8381713172349,-270.713274619346,1.15288256148328,4.14099902762594,-0.954636111022601,-1.94339794732354,-0.840640015922894
782.899437778131,-14.3930236518555,57.8657726112373,-310.305592862688,1.16451421221264,4.14558580721851,-0.954636111022601,-1.94339794732354,-0.840640015922894
777.899437778131,-14.4609474479434,57.8924651526657,-341.68026359902,1.17261052717004,4.14824185061607,-0.954636111022601,-1.94339794732354,-0.840640015922894
772.899437778131,-14.5295842154482,57.9186631301218,-375.395425255641,1.17287670233599,4.14612707458212,-0.954636111022601,-1.94339794732354,-0.840640015922894
767.899437778131,-14.5982209829529,57.9448611075778,-411.711775235574,1.1659001639905,4.13900724005877,-0.954636111022601,-1.94339794732354,-0.840640015922894
762.899437778131,-14.6668577504576,57.9710590850338,-457.191288011653,1.15168091213356,4.12688234704601,-0.954636111022601,-1.94339794732354,-0.840640015922894
757.899437778131,-14.7354945179624,57.9972570624899,-497.279599898481,1.13021894676517,4.10975239554386,-0.954636111022601,-1.94339794732354,-0.840640015922894
752.899437778131,-14.8036289163625,58.023851566545,-519.377643898893,1.10151426788534,4.08761738555231,-0.954636111022601,-1.94339794732354,-0.840640015922894
747.899437778131,-14.8712089988196,58.0508835995279,-536.976797048206,1.0202644389003,4.01514736068934,-0.954636111022601,-1.94339794732354,-0.840640015922894
742.899437778131,-14.9387890812768,58.0779156325107,-553.332056741689,0.922118376801743,3.93015650929658,-0.954636111022601,-1.94339794732354,-0.840640015922894
737.899437778131,-15.0063691637339,58.1049476654936,-570.50469030342,0.807076081589669,3.8308721337005,-0.954636111022601,-1.94339794732354,-0.840640015922894
732.899437778131,-15.0739492461911,58.1319796984764,-589.103518734842,0.675137553264078,3.7172942339011,-0.954636111022601,-1.94339794732354,-0.840640015922894
727.899437778131,-15.1415293286482,58.1590117314593,-650.144516575295,0.526302791824969,3.58942280989838,-0.954636111022601,-1.94339794732354,-0.840640015922894
722.899437778131,-15.2099955720541,58.1853729462134,-739.973639209966,0.360571797272342,3.44725786169233,-0.954636111022601,-1.94339794732354,-0.840640015922894
717.899437778131,-15.2785321693375,58.2116809035276,-834.534586660969,0.182952340118665,3.28832272606497,-0.954636111022601,-1.94339794732354,-0.840640015922894
712.899437778131,-15.3470687666209,58.2379888608417,-916.541921005291,0.0162118172160343,3.13902019561353,-0.954636111022601,-1.94339794732354,-0.840640015922894
707.899437778131,-15.4156053639043,58.2642968181559,-975.579414707202,-0.139649771435549,2.99935027033803,-0.954636111022601,-1.94339794732354,-0.840640015922894
702.899437778131,-15.4841419611876,58.2906047754701,-1024.2303263399,-0.284632425836086,2.86931295023846,-0.954636111022601,-1.94339794732354,-0.840640015922894
697.899437778131,-15.553255121492,58.3166480965113,-1067.55923103289,-0.418736145985576,2.74615571865008,-0.954636111022601,-1.94339794732354,-0.840640015922894
692.899437778131,-15.6225347939679,58.3426149902429,-1100.44017235708,-0.566346740899708,2.60827368525348,-0.954636111022601,-1.94339794732354,-0.840640015922894
687.899437778131,-15.6918144664439,58.3685818839745,-1115.69808850576,-0.695662722006513,2.48740767717308,-0.954636111022601,-1.94339794732354,-0.840640015922894
682.899437778131,-15.7610941389198,58.3945487777061,-1126.00414710208,-0.80668408930599,2.38355769440889,-0.954636111022601,-1.94339794732354,-0.840640015922894
677.899437778131,-15.8303738113958,58.4205156714377,-1134.875757611,-0.89941084279814,2.29672373696089,-0.954636111022601,-1.94339794732354,-0.840640015922894
672.899437778131,-15.8992758780074,58.4468508075397,-1142.94836755422,-0.973842982482963,2.22580124923402,-0.954636111022601,-1.94339794732354,-0.840640015922894
667.899437778131,-15.9681630667137,58.4732004526195,-1151.17961387451,-1.09658799837057,2.15230913967436,-0.998115694382258,-1.94648929924625,-0.840640015922894
662.899437778131,-16.0370502554201,58.4995500976993,-1159.66312662471,-1.19847861753136,2.09697417006751,-1.04118748166563,-1.94648929924625,-0.840640015922894
657.899437778131,-16.1059374441264,58.5258997427791,-1169.71245839005,-1.27951483996532,2.06022270814388,-1.08274215208015,-1.94648929924625,-0.840640015922894
652.899437778131,-16.1780052692332,58.5501943080769,-1182.03735289526,-1.33969666567247,2.04243937297079,-1.1249276516692,-1.94648929924625,-0.840640015922894
647.899437778131,-16.2512462919885,58.5737308443316,-1195.61655411219,-1.37196524391281,2.03671803831232,-1.15047056883461,-1.94775285132694,-0.840640015922894
642.899437778131,-16.3244873147437,58.5972673805863,-1201.91301759951,-1.37012535012086,2.04105386389281,-1.15416690671552,-1.94715450130493,-0.840640015922894
637.899437778131,-16.3966529162878,58.6217549042135,-1201.50614103615,-1.33417698429661,2.05544684971227,-1.13527151559564,-1.94543939889653,-0.840640015922894
632.899437778131,-16.466428443628,58.6483559535588,-1195.95714632412,-1.25964752053014,2.09023221343286,-1.09736166963444,-1.94543939889653,-0.840640015922894
627.899437778131,-16.5362039709681,58.674957002904,-1174.40718794166,-1.12453071214272,2.16862852005227,-1.0443304245066,-1.94543939889653,-0.840640015922894
622.899437778131,-16.6059794983083,58.7015580522493,-1157.00217867805,-0.928826559134369,2.29063576957051,-0.976177780212124,-1.94543939889653,-0.840640015922894
617.899437778131,-16.6728274248072,58.7300554875896,-1144.72671327228,-0.672535061505074,2.45585064978387,-0.890543044185192,-1.94543939889653,-0.840640015922894
612.899437778131,-16.7385381866855,58.7592895339563,-1134.57295820798,-0.434287566939868,2.6078638709972,-0.809681755469962,-1.94543939889653,-0.840640015922894
607.899437778131,-16.8042489485638,58.788523580323,-1127.12214241841,-0.244626759194225,2.72280513142815,-0.739739606980179,-1.94543939889653,-0.840640015922894
602.899437778131,-16.8699597104421,58.8177576266897,-1120.53932433985,-0.103552638268146,2.80284874122571,-0.682890908864839,-1.94543939889653,-0.840640015922894
597.899437778131,-16.9356793586002,58.8470464577595,-1113.71839808633,-0.0110652041616297,2.84707204995647,-0.638213010690523,-1.94543939889653,-0.840640015922894
592.899437778131,-17.0013997449993,58.8763398401498,-1098.98589325558,0.0744903907380736,2.91500891287761,-0.624836258230522,-1.94543939889653,-0.840640015922894
587.899437778131,-17.0671201313983,58.9056332225401,-1028.19042351935,0.195392183068959,3.00967459793009,-0.603390963848581,-1.94543939889653,-0.840640015922894
582.899437778131,-17.1369180756015,58.9324337776473,-942.037819942472,0.351640172831027,3.13344440972973,-0.575305038589996,-1.94543939889653,-0.840640015922894
577.899437778131,-17.2091206903017,58.9577642301808,-849.389837296255,0.487093376326128,3.24004056206143,-0.550350344298078,-1.94543939889653,-0.840640015922894
572.899437778131,-17.2813233050019,58.9830946827143,-786.316275329007,0.568643601430515,3.30217151608595,-0.534289670614249,-1.94543939889653,-0.840640015922894
567.899437778131,-17.3535259197021,59.0084251352478,-782.494484171571,0.596290848144187,3.31983727180329,-0.527123017538509,-1.94543939889653,-0.840640015922894
562.899437778131,-17.4257252137559,59.0337590049128,-783.025571202532,0.570035116467145,3.29303782921344,-0.528850385070859,-1.94543939889653,-0.840640015922894
557.899437778131,-17.4975987302616,59.0594281179506,-785.855921617235,0.489853043291509,3.22173782352796,-0.539412186738043,-1.94543939889653,-0.840640015922894
552.899437778131,-17.5694722467673,59.0850972309883,-837.400483163527,0.353452552027214,3.10422568555974,-0.554720544644162,-1.94543939889653,-0.840640015922894
547.899437778131,-17.6413457632731,59.1107663440261,-958.069527496205,0.160833642674259,2.94087986716667,-0.573356404244062,-1.94543939889653,-0.840640015922894
542.899437778131,-17.7132192797788,59.1364354570639,-1155.82405102153,-0.0880036847673552,2.73092254398599,-0.595319765537745,-1.94543939889653,-0.840640015922894
537.899437778131,-17.7848989493607,59.1622776909221,-1318.83211575814,-0.393059430297629,2.47717577097311,-0.623432683480632,-1.94543939889653,-0.840640015922894
532.899437778131,-17.8553920297926,59.1891796438784,-1455.87830496838,-0.778370214436205,2.17985276108519,-0.677905337950947,-1.94543939889653,-0.840640015922894
527.899437778131,-17.9258851102244,59.2160815968348,-1555.29510910816,-1.19475924251141,1.8586498668392,-0.735330896829238,-1.94543939889653,-0.840640015922894
522.899437778131,-17.9963781906563,59.2429835497911,-1627.73666907804,-1.64222651452325,1.51133967093172,-0.799412504981706,-1.94543939889653,-0.840640015922894
517.899437778131,-18.0669428192474,59.2698493705046,-1698.68132989658,-2.12077203047173,1.14022653005056,-0.867092628209573,-1.94543939889653,-0.840640015922894
512.899437778131,-18.1380044371636,59.2964642086755,-1744.15929188826,-2.68113464197716,0.747182367445357,-0.967188842110182,-1.97694147150617,-0.840640015922894
507.899437778131,-18.2090660550799,59.3230790468464,-1822.23511359738,-3.27810997125923,0.343541832857778,-1.08206790028394,-2.01842005014016,-0.840640015922894
502.899437778131,-18.2801276729961,59.3496938850173,-2022.62407447222,-3.91169801831794,-0.0656087019062356,-1.21508581466331,-2.07160549467195,-0.840640015922894
497.899437778131,-18.3512068843457,59.3764016961216,-2271.09074160028,-4.58189878315328,-0.484026083068532,-1.36398231040211,-2.13500123372589,-0.840640015922894
492.899437778131,-18.4223162400125,59.4032688056156,-2480.74883675131,-5.31573057863832,-0.886062177369409,-1.5200587087678,-2.27249704543546,-0.840640015922894
487.899437778131,-18.4934255956794,59.4301359151096,-2640.43127809424,-5.9753755505344,-1.22921052028286,-1.66491524892285,-2.41150700288521,-0.840640015922894
482.899437778131,-18.5645349513462,59.4570030246037,-2706.68580019075,-6.56083369884153,-1.51837947048277,-1.7957718930337,-2.5499027852348,-0.840640015922894
477.899437778131,-18.635644307013,59.4838701340977,-2712.10647488778,-7.07210502355971,-1.75037672308329,-1.91582094598622,-2.68768439248424,-0.840640015922894
472.899437778131,-18.7067536626799,59.5107372435917,-2712.49990064893,-7.50918952468894,-1.9289885450561,-2.01942074692476,-2.82670721851747,-0.840640015922894
467.899437778131,-18.7778874255709,59.5376116870346,-2711.48652868574,-7.87208720222922,-2.05220895565906,-2.110510956295,-2.96503758363095,-0.840640015922894
462.899437778131,-18.8491565510115,59.5645268045833,-2708.25666529609,-8.27929290119689,-2.12807065068036,-2.18694487316957,-3.20186520065047,-0.853260304594826
457.899437778131,-18.9204256764522,59.591441922132,-2703.40363288131,-8.62920363681544,-2.19632747265827,-2.25281095605479,-3.40174090960756,-0.864074338667034
452.899437778131,-18.9916948018928,59.6183570396807,-2697.74606064558,-8.92181940908487,-2.25601913438028,-2.30810920495064,-3.56466471050221,-0.873082118139519
447.899437778131,-19.0629639273335,59.6452721572294,-2692.85129934671,-9.15714021800519,-2.30820617507225,-2.35283961985713,-3.69189842461412,-0.879021821732573
442.899437778131,-19.1342330527742,59.6721872747781,-2689.37378097984,-9.33516606357639,-2.35288859473419,-2.38637491739898,-3.78249062872439,-0.883472156040405
437.899437778131,-19.2055021782148,59.6991023923268,-2687.47400627276,-9.45589694579847,-2.39006639336609,-2.40960332933647,-3.83555309107272,-0.886433121063012
432.899437778131,-19.2767713036555,59.7260175098754,-2687.48424545843,-9.51933286467144,-2.41973957096796,-2.42252485566962,-3.8510858116591,-0.887904716800396
427.899437778131,-19.3482315710955,59.7529837068797,-2688.53581946915,-9.52547382019528,-2.44190812753979,-2.42513949639841,-3.82908879048353,-0.887886943252556
422.899437778131,-19.4198452179143,59.7799908919201,-2691.42952299243,-9.5036269558201,-2.4631347271397,-2.42507709390594,-3.79495864053454,-0.875520149401549
417.899437778131,-19.4914588647331,59.8069980769605,-2695.135174525,-9.5014740019459,-2.48868549307162,-2.42797992389563,-3.76981259429037,-0.865996886438782
412.899437778131,-19.563072511552,59.8340052620009,-2700.48785209749,-9.51901495857271,-2.51856042533556,-2.43384798636746,-3.75365065175102,-0.859317154364255
407.899437778131,-19.6346861583708,59.8610124470413,-2705.44786168076,-9.55624982570052,-2.55275952393151,-2.44268128132145,-3.74647281291648,-0.855480953177968
402.899437778131,-19.7062998051897,59.8880196320817,-2710.0968728998,-9.61317860332932,-2.59083358131355,-2.45492901630351,-3.74827907778676,-0.85448828287992
397.899437778131,-19.7655157986642,59.9181849344218,-2712.6861658374,-9.68980129145912,-2.63318419269659,-2.47018959609874,-3.75906944636185,-0.856339143470113
392.899437778131,-19.8053225171351,59.9532944601131,-2711.92411543729,-9.77581923446611,-2.68047626698021,-2.48765934157876,-3.77252357778549,-0.857083091252186
387.899437778131,-19.8451292356059,59.9884039858044,-2710.4034982568,-9.85614485639037,-2.73499674949614,-2.50667426679448,-3.77829746825992,-0.851425965648613
382.899437778131,-19.8849359540768,60.0235135114957,-2706.86366968938,-9.93077815723192,-2.7948711075945,-2.52774289003801,-3.77666882402249,-0.839334069983423
377.899437778131,-19.9247426725476,60.058623037187,-2702.93229818523,-9.99971913699076,-2.85990183006534,-2.55130335370565,-3.76788693194628,-0.820317486197174
372.899437778131,-19.9645493910185,60.0937325628783,-2699.32899973792,-10.0629677956669,-2.93085482825946,-2.57633092183914,-3.75254485495273,-0.794041975975874
367.899437778131,-20,60.1299240242303,-2693.81848658322,-10.1205241332603,-3.0066669120447,-2.60414346821998,-3.72991016899853,-0.760985279713501
362.899437778131,-20,60.1749204245183,-2679.02905960414,-10.19339885461,-3.09075910142752,-2.63409076850024,-3.70427367236669,-0.736934855189168
357.899437778131,-20,60.2199168248063,-2665.02509027007,-10.308746734352,-3.18468265704076,-2.67261874496553,-3.70012470445628,-0.714445513564815
352.899437778131,-20,60.2649132250942,-2651.52596420336,-10.4665677724862,-3.28962128211437,-2.71854369438593,-3.71780035431207,-0.693180165795689
347.899437778131,-20,60.3099096253822,-2639.62147050932,-10.6668619690125,-3.40392234845103,-2.77351824495873,-3.75625015339344,-0.674189280422401
342.899437778131,-20,60.3549060256702,-2627.52771206994,-10.9096293239311,-3.52908866422115,-2.83506467986001,-3.81616267940078,-0.657759188398095
337.899437778131,-20,60.3999024259582,-2614.02973042987,-11.1948698372419,-3.66512022942472,-2.9039900948502,-3.89644207849095,-0.644178647805485
332.899437778131,-20,60.4448988262461,-2600.53060436316,-11.5268677660748,-3.81082834731981,-2.98213783661727,-3.996507815889,-0.641365505668277
327.899437778131,-20,60.4898952265341,-2566.88184357077,-11.8922737954085,-3.96303282836146,-3.06730681100972,-4.11577599490064,-0.639017879191757
322.899437778131,-20,60.5348916268221,-2532.87764535139,-12.2910879252431,-4.12173367254966,-3.15949701802756,-4.25410182086597,-0.637280563035843
317.899437778131,-20,60.5798880271101,-2507.44651662824,-12.7233101555785,-4.28440126904107,-3.26123806851414,-4.41099430487643,-0.636644546109079
312.899437778131,-20,60.6248844273981,-2487.1386575019,-13.1889404864148,-4.45723550920456,-3.37013135068117,-4.58598609712765,-0.637577178215836
307.899437778131,-20,60.669880827686,-2439.68668429501,-13.687978917752,-4.63653436988741,-3.48403533651015,-4.78136460711774,-0.639932577876498
302.899437778131,-20,60.714877227974,-2414.64439086745,-14.1634435237532,-4.80174780824595,-3.5921957791215,-4.96986064444625,-0.645928052701249
297.899437778131,-20,60.759873628262,-2406.2227197937,-14.6151875702834,-4.95564447792341,-3.69175832259569,-5.15020333765322,-0.656775053668377
292.899437778131,-20,60.80487002855,-2388.78522856347,-15.0432110573426,-5.09598941549726,-3.78325233235798,-5.32469078503005,-0.671881080483733
287.899437778131,-20,60.8498664288379,-2364.05545986518,-15.4475139849308,-5.22316673015646,-3.86814729351413,-5.49126245521744,-0.691453070211929
282.899437778131,-20,60.8948628291259,-2353.92497952961,-15.828096353048,-5.33943114884463,-3.94277752128743,-5.64983385207613,-0.7169864768253
277.899437778131,-20,60.9398592294139,-2348.60850129653,-16.1505039996879,-5.4316436470256,-4.0029450843673,-5.78694035491223,-0.745472726983259
272.899437778131,-20,60.9848556297019,-2346,-16.3638051457159,-5.48317866717749,-4.04136399309784,-5.88352714046551,-0.769761317281206
267.899437778131,-20,61.0298520299898,-2346,-16.4679997911319,-5.49454505950391,-4.05844964609214,-5.94039976476843,-0.788631293073589
262.899437778131,-20,61.0748484302778,-2347.4909743435,-16.463087935936,-5.46472512359765,-4.05341299408154,-5.95834727708966,-0.802082654360408
257.899437778131,-20,61.1198448305658,-2349,-16.3490695801281,-5.39422770966231,-4.02625403706604,-5.93738508939619,-0.810099989174651
252.899437778131,-20,61.1648412308538,-2349,-16.1259447237082,-5.28145059232423,-3.9785750004193,-5.87780858828071,-0.81238791092365
247.899437778131,-20,61.2098376311418,-2348.4097789018,-15.8500775045433,-5.1636095062543,-3.92162782652175,-5.79473612755879,-0.799754120773062
242.899437778131,-20,61.2548340314297,-2343.12986106538,-15.5355447181697,-5.04353913769112,-3.85968821091429,-5.69152594612849,-0.77555183720333
237.899437778131,-20,61.2998304317177,-2329.07089932583,-15.1823463645875,-4.92103657431745,-3.79183341378379,-5.5694416841071,-0.739643072227512
232.899437778131,-20,61.3448268320057,-2264.51516308884,-14.7904824437966,-4.79588872490075,-3.71926773261251,-5.42841397701044,-0.691105984080092
227.899437778131,-20,61.3898232322937,-2201.00727519227,-14.3599529557971,-4.66787357775701,-3.64221317908446,-5.26932566445234,-0.629057733147227
222.899437778131,-20,61.4348196325816,-2231.91088172042,-14.0305377224894,-4.54275105332027,-3.56429177369651,-5.14688080472606,-0.629057733147227
217.899437778131,-20,61.4798160328696,-2221.47739554956,-13.7132284213553,-4.43652252066818,-3.49611856840751,-5.00892191810584,-0.629057733147227
212.899437778131,-20,61.5248124331576,-2173.02787080563,-13.4080250523948,-4.34714722921542,-3.43624974608848,-4.85689282172063,-0.629057733147227
207.899437778131,-20,61.5698088334456,-2080.17109120592,-13.1149276156078,-4.27429481269275,-3.38712990954243,-4.68970377818326,-0.629057733147227
202.899437778131,-20,61.6148052337335,-2042.45055127168,-12.8339361109944,-4.21819034112007,-3.34594798326631,-4.51164393802668,-0.629057733147227
197.899437778131,-20,61.6598016340215,-2001.59175262463,-12.5650505385545,-4.17917654122374,-3.31270396726012,-4.31990704635529,-0.629057733147227
192.899437778131,-20,61.7047980343095,-1937.51614246814,-12.2848663294825,-4.12476165303234,-3.27596137044799,-4.13619327466724,-0.629057733147227
187.899437778131,-20,61.7497944345975,-1866.34535514594,-11.9855336567781,-4.04700466308216,-3.23028935747714,-3.98120165175179,-0.612781430478096
182.899437778131,-20,61.7947908348854,-1809.18756229309,-11.6670525204411,-3.94590557137318,-3.17568792834758,-3.85395370664811,-0.584434511630223
177.899437778131,-20,61.8397872351734,-1809.38731631433,-11.3294229204716,-3.81946965838443,-3.11215708305929,-3.74621516605163,-0.552251249908172
172.899437778131,-19.9972561561345,61.8846365118892,-1808.42736121597,-10.9726448568696,-3.66680441490555,-3.0434198005502,-3.65334247675782,-0.519573953097196
167.899437778131,-19.9846368085118,61.9289562689013,-1787.74694088256,-10.5990667703901,-3.49553359682199,-2.96671955955328,-3.56703316685903,-0.488647179571297
162.899437778131,-19.9720174608892,61.9732760259133,-1807.74548759204,-10.2030080256766,-3.32560680931683,-2.88392648828419,-3.46523143596663,-0.455421565123541
157.899437778131,-19.9593981132665,62.0175957829254,-1879.27125693592,-9.78446862272882,-3.15151005687301,-2.79588511730163,-3.35197055564153,-0.417764640389404
152.899437778131,-19.9467787656439,62.0619155399375,-1834.91526671309,-9.34344856154692,-2.97873818760755,-2.70155703293213,-3.22591504340751,-0.375344056259757
147.899437778131,-19.9341594180212,62.1062352969496,-1818.15647001353,-8.87994784213086,-2.80729120152045,-2.60094223517569,-3.08741406749851,-0.327810644500656
142.899437778131,-19.9215400703985,62.1505550539617,-1812.55168147479,-8.39396646448063,-2.63431006846379,-2.49430722770553,-2.93942630306742,-0.274798256433892
137.899437778131,-19.9030290748523,62.194568093595,-1810.18177015291,-7.88550442859624,-2.462609283867,-2.38119542375766,-2.77713722984519,-0.218763503663118
132.899437778131,-19.8812073256835,62.2384087764129,-1810,-7.39232686765455,-2.28833081794994,-2.2631007029763,-2.60596518716481,-0.194535633347504
127.899437778131,-19.8593855765148,62.2822494592308,-1811,-6.87797724465301,-2.10930668881081,-2.1408625363393,-2.42441095510053,-0.16855231864269
122.899437778131,-19.8375638273461,62.3260901420487,-1812.42196244303,-6.34245555959164,-1.92553689644963,-2.01448092384668,-2.23247453365235,-0.140813559548675
117.899437778131,-19.8157420781774,62.3699308248666,-1813,-5.78576181247041,-1.73702144086638,-1.88395586549843,-2.03015592282025,-0.111319356065461
112.899437778131,-19.7939203290086,62.4137715076845,-1813.36474004861,-5.20789600328935,-1.54376032206107,-1.7528637635091,-1.81776958410967,-0.0761788444730786
107.899437778131,-19.7720985798399,62.4576121905024,-1814.96381095926,-4.60885813204844,-1.3457535400337,-1.61777149507606,-1.5950682726435,-0.0390723924512584
102.899437778131,-19.7502947139638,62.5014554312549,-1828.04778422921,-3.98864819874769,-1.14300109478427,-1.47867906019931,-1.36205198842175,0
97.8994377781314,-19.7290125959868,62.5453733001545,-1830.29923050186,-3.46855477069933,-0.935943672537638,-1.33579527684677,-1.19830600130378,0
92.8994377781314,-19.7077304780097,62.5892911690542,-1819.12675571575,-2.95980810074277,-0.740894369082756,-1.19571428718781,-1.03077465960188,0
87.8994377781314,-19.6864483600326,62.6332090379538,-1798.78082511317,-2.46240818887803,-0.554287801505329,-1.05801360024503,-0.863445837207776,0
82.8994377781314,-19.6651662420556,62.6771269068535,-1750.29396113839,-1.97635503510509,-0.373497857914672,-0.926575128719973,-0.692437621419895,0
77.8994377781314,-19.6438841240785,62.7210447757531,-1711.960725291,-1.50164863942395,-0.204440786592714,-0.794374166616561,-0.521662925158573,0
72.8994377781314,-19.6226020061015,62.7649626446528,-1690.19950911674,-1.03828900183463,-0.0438931541182813,-0.668436522035086,-0.347319373744687,0
67.8994377781314,-19.6176263159106,62.8072696097353,-1627.86906228998,-0.586276122337114,0.105275367342857,-0.545810105840582,-0.169489384147434,0
62.8994377781314,-19.6387684734458,62.8469964057489,-1613.19744220829,-0.313632932585211,0.231026926320877,-0.425617297361817,-0.147112903808731,0
57.8994377781314,-19.6599106309809,62.8867232017625,-1464.96582268026,-0.0933884933931835,0.314434216186182,-0.316389940923714,-0.121998039891934,0
52.8994377781314,-19.6810527885161,62.9264499977762,-1427.59685141923,0.0744571952389688,0.354970550816899,-0.217308545533446,-0.0944375972679966,0
47.8994377781314,-19.7021949460512,62.9661767937898,-1414.87197569341,0.189904133311246,0.354875957202791,-0.130321441239971,-0.064723272877724,0
42.8994377781314,-19.7233371035864,63.0059035898035,-1378.53963271095,0.252952320823647,0.316545667593621,-0.0575324114158669,-0.0331465155982996,0
37.8994377781314,-19.765268054794,63.0434082333012,-1170.21816282927,0.263601757776173,0.242029286280277,-0.000698385781747385,0,0
32.8994377781314,-19.8264420456122,63.0788559527869,-1142.87388043271,0.174823776615574,0.160231518133078,-0.00237665299378254,0,0
27.8994377781314,-19.8876160364304,63.1143036722726,-1039.21253281991,0.104669885661591,0.0957568472516757,-0.00350724452809338,0,0
22.8994377781314,-19.9487900272486,63.1497513917584,-834.543305110573,0.0531400849142227,0.0473296397449803,-0.00281452649359107,0,0
17.8994377781314,-20.009282493279,63.1854430727871,-728.883164148527,0.0202343743734698,0.0146513967227165,0,0,0
12.8994377781314,-20.0681984928542,63.2216990725256,-485.153740823929,0.00951707003842997,0.00628896919592056,0,0,0
7.89943777813141,-20.1271144924293,63.2579550722642,-162.939500232894,0.00207920893545502,0.00131991734395502,0,0,0
