Refdist,Lon,Lat,Water_depth,Total,Upper_water,Permanent_pycnocline,Labrador_sea_water_level,Overflow_water
1302.89943777813,-6.208,56.675,-15.381060195979,NaN,NaN,NaN,NaN,NaN
1297.89943777813,-6.28518755775411,56.6885243156749,-22.5243973623362,NaN,NaN,NaN,NaN,NaN
1292.89943777813,-6.35984627240515,56.7059330156902,-41.1633980048146,NaN,NaN,NaN,NaN,NaN
1287.89943777813,-6.43379938921198,56.7232145267395,-21.6882899736771,NaN,NaN,NaN,NaN,NaN
1282.89943777813,-6.51190206270632,56.7315946419213,-35.983620630592,NaN,NaN,NaN,NaN,NaN
1277.89943777813,-6.59327276804972,56.733,-43.3286917147893,NaN,NaN,NaN,NaN,NaN
1272.89943777813,-6.67530195581663,56.733,-38.7762595864474,NaN,NaN,NaN,NaN,NaN
1267.89943777813,-6.75733114358354,56.733,-25.6288069209906,NaN,NaN,NaN,NaN,NaN
1262.89943777813,-6.83936033135044,56.733,-78.9653886422808,NaN,NaN,NaN,NaN,NaN
1257.89943777813,-6.92138951911735,56.733,-96.9621984733552,NaN,NaN,NaN,NaN,NaN
1252.89943777813,-7.00341870688426,56.733,-127.589980321091,NaN,NaN,NaN,NaN,NaN
1247.89943777813,-7.08544789465116,56.733,-183.294603843169,NaN,NaN,NaN,NaN,NaN
1242.89943777813,-7.16747708241807,56.733,-190.235179303556,NaN,NaN,NaN,NaN,NaN
1237.89943777813,-7.24950627018498,56.733,-102.976605837331,NaN,NaN,NaN,NaN,NaN
1232.89943777813,-7.33153545795189,56.733,-98.2650114738381,4.42303578349481,NaN,NaN,NaN,NaN
1227.89943777813,-7.41356464571879,56.733,-145.097654991021,4.91570357789065,4.73237024455732,NaN,NaN,NaN
1222.89943777813,-7.4955938334857,56.733,-164.821481373081,NaN,NaN,NaN,NaN,NaN
1217.89943777813,-7.57762302125261,56.733,-52.8104717984553,NaN,NaN,NaN,NaN,NaN
1212.89943777813,-7.65828464007842,56.7386144624683,-25.5732169026043,NaN,NaN,NaN,NaN,NaN
1207.89943777813,-7.73884071799207,56.7446622160655,-33.3304520189541,NaN,NaN,NaN,NaN,NaN
1202.89943777813,-7.81820078327276,56.7557403578488,-37.0920495820681,NaN,NaN,NaN,NaN,NaN
1197.89943777813,-7.89736852494423,56.7676274061478,-48.5019608249751,NaN,NaN,NaN,NaN,NaN
1192.89943777813,-7.97658598308737,56.7794949076478,-86.7598909536867,NaN,NaN,NaN,NaN,NaN
1187.89943777813,-8.05581928414498,56.7913561802612,-103.566044117718,NaN,NaN,NaN,NaN,NaN
1182.89943777813,-8.13476598158229,56.8038134024188,-113.066293803353,1.90909090909091,NaN,NaN,NaN,NaN
1177.89943777813,-8.21355878967834,56.8165906145424,-118.627102477198,1.90909090909091,NaN,NaN,NaN,NaN
1172.89943777813,-8.29076095090814,56.8316803943487,-127.203270701179,2.89417890251418,NaN,NaN,NaN,NaN
1167.89943777813,-8.36659444837915,56.8487600108962,-129.859741171384,4.86782348133934,NaN,NaN,NaN,NaN
1162.89943777813,-8.44208284072306,56.8664241355593,-127.460580085503,6.648819558477,6.29096121145976,NaN,NaN,NaN
1157.89943777813,-8.51690698215271,56.8852133088517,-124.111066869115,6.95113932182913,6.55700260320964,NaN,NaN,NaN
1152.89943777813,-8.59173112358236,56.904002482144,-122.617093092909,7.25345908518127,6.82304399495952,NaN,NaN,NaN
1147.89943777813,-8.66688429904791,56.9224399259772,-121,7.56531330493636,7.12184463542999,NaN,NaN,NaN
1142.89943777813,-8.74269105587698,56.9401787070752,-120,7.896106425645,7.4857170682095,NaN,NaN,NaN
1137.89943777813,-8.81849781270604,56.9579174881732,-122.269726982986,8.22689954635364,7.849589500989,NaN,NaN,NaN
1132.89943777813,-8.89431497290455,56.9756486112683,-135.273026659945,8.61385355193304,8.27523890712634,NaN,NaN,NaN
1127.89943777813,-8.97040292999917,56.9931803986173,-173.783570522701,10.4626602178265,10.1816478340785,NaN,NaN,NaN
1122.89943777813,-9.04649088709379,57.0107121859663,-228.345535167112,12.31146688372,12.2854623159573,NaN,NaN,NaN
1117.89943777813,-9.12253139411061,57.0283197304678,-316.129745448914,12.6610362018884,NaN,NaN,NaN,NaN
1112.89943777813,-9.19836291115698,57.0462609411255,-425.495887962062,13.3234809030942,13.5565281000417,NaN,NaN,NaN
1107.89943777813,-9.27413544876553,57.0642838621914,-754.174954613597,13.2310662897607,13.0773439104943,NaN,NaN,NaN
1102.89943777813,-9.34934530414288,57.0830863260357,-933.603529605289,13.4965128381514,13.4533931873811,NaN,NaN,NaN
1097.89943777813,-9.42657860076367,57.0991668278258,-1265.18062696593,11.2972803432673,10.9489473286999,NaN,NaN,NaN
1092.89943777813,-9.50443257570478,57.1144123842764,-1639.60803990747,13.3828196672468,13.3396932954821,NaN,NaN,NaN
1087.89943777813,-9.58211174227366,57.1299610769706,-1813.58438652219,14.4821046928684,15,14.7142857142857,11.8419224998576,NaN
1082.89943777813,-9.65939356504216,57.1461988059251,-1904.21694812979,14.5356228025136,15,14.7142857142857,12.2871853017948,NaN
1077.89943777813,-9.73667538781066,57.1624365348796,-1956.40110784953,14.5891409121587,15,14.7222222222222,12.7324481037321,NaN
1072.89943777813,-9.81395721057917,57.1786742638342,-1993.02320936738,14.6426590218038,15,14.7222222222222,13.1777109056694,NaN
1067.89943777813,-9.89117939143122,57.1950533070493,-2034.62595188889,14.2401146129983,15,14.7353826187012,13.0658875039613,NaN
1062.89943777813,-9.96817737735319,57.2119635528594,-2079.62443374358,14.4066154948208,15,14.7838194888121,13.5121338523696,NaN
1057.89943777813,-10.0451753632752,57.2288737986695,-2119.64794395463,14.5731163766433,15,14.8508510938251,13.9734800457528,NaN
1052.89943777813,-10.1221733491971,57.2457840444796,-2182.96694658848,14.7396172584659,15,14.9178826988381,14.4348262391359,NaN
1047.89943777813,-10.1991713351191,57.2626942902897,-2203.49317438047,14.9061181402884,15,14.9849143038511,14.896172432519,NaN
1042.89943777813,-10.2763600470941,57.2795003992068,-2205.91053451933,14.4495104410994,14.611928381886,14.611928381886,14.199415518781,NaN
1037.89943777813,-10.3536041481333,57.2962762655589,-2206.32926828121,13.9947998986067,14.1111562519721,14.1111562519721,13.8193113719788,NaN
1032.89943777813,-10.4308482491725,57.313052131911,-2210.28984532107,13.5400893561141,13.6103841220581,13.6103841220581,13.4392072251767,NaN
1027.89943777813,-10.5080923502118,57.3298279982632,-2233.46427841181,13.0853788136215,13.1096119921442,13.1096119921442,13.0591030783745,NaN
1022.89943777813,-10.5857477683059,57.3460511917987,-2254.23712039791,12.9582151984132,12.967257760525,NaN,NaN,NaN
1017.89943777813,-10.6635184468201,57.3621195138058,-2217.91750731081,12.9211344553199,12.9264069644994,NaN,NaN,NaN
1012.89943777813,-10.7412891253343,57.3781878358129,-1452.26900886761,12.8840537122267,12.8850884221955,NaN,NaN,NaN
1007.89943777813,-10.8193556050734,57.3939459500507,-872.154692014844,12.7922279966292,12.9748290360224,NaN,NaN,NaN
1002.89943777813,-10.8975681727279,57.4095508613856,-718.48924325501,12.7603617288429,12.9372268400347,NaN,NaN,NaN
997.899437778131,-10.9757970174599,57.425118667044,-672.93026987602,12.7358981589655,12.9070845996435,NaN,NaN,NaN
992.899437778131,-11.0556401809567,57.4370064269424,-618.255648149543,13.4456151678261,13.6168016085041,NaN,NaN,NaN
987.899437778131,-11.1354833444535,57.4488941868409,-616.775376338341,14.1553321766868,14.3265186173647,NaN,NaN,NaN
982.899437778131,-11.2159135300188,57.4596669922014,-674.334044451419,14.6628817965322,14.8363458799247,NaN,NaN,NaN
977.899437778131,-11.2988147742697,57.4657464167798,-784.169614226904,14.3194114813686,14.5035963657264,NaN,NaN,NaN
972.899437778131,-11.3817160185205,57.4718258413582,-1352.36434206744,13.9759411662049,14.1727433274464,NaN,NaN,NaN
967.899437778131,-11.4648160008655,57.4768675422545,-2022.08347532709,13.3996818028579,13.4896420282151,NaN,NaN,NaN
962.899437778131,-11.5481331152228,57.4807754744476,-1950.28299113356,13.5664202430976,13.6772227734848,NaN,NaN,NaN
957.899437778131,-11.6314502295801,57.4846834066407,-1888.53818752305,13.7331586833373,13.8648035187544,NaN,NaN,NaN
952.899437778131,-11.7148330221721,57.4883135642319,-1877.63434943631,13.8956643884527,13.9349148614447,13.9349148614447,13.8028393897466,NaN
947.899437778131,-11.79838532113,57.4912268243072,-1860.60567138374,13.6613088001778,13.7018540554255,13.7018540554255,13.5722244257959,NaN
942.899437778131,-11.8819376200878,57.4941400843824,-1842.39025290012,13.4269532119029,13.4687932494063,13.4687932494063,13.3415205221336,NaN
937.899437778131,-11.9654899190457,57.4970533444577,-1829.08326929421,13.192597623628,13.2357324433871,13.2357324433871,13.1107324433871,NaN
932.899437778131,-12.0490422180036,57.4999666045329,-1818.12297351628,12.9582420353532,13.0026716373678,13.0026716373678,12.879864619824,NaN
927.899437778131,-12.1323951277694,57.5043144319777,-1809.32139088409,12.8925493510971,13,12.8895084493513,12.7063347491066,NaN
922.899437778131,-12.2157457253796,57.5086788949432,-1804.98498644987,12.789946636656,13,12.7828919338775,12.4130680803348,NaN
917.899437778131,-12.2990963229897,57.5130433579088,-1804.21738658374,12.6873439222149,13,12.6818693192979,12.1233732353988,NaN
912.899437778131,-12.3824469205999,57.5174078208743,-1803.77757404981,12.5847412077738,13,12.5863056952944,11.8300434751133,NaN
907.899437778131,-12.4657960135128,57.5218388402908,-1789.9610341631,12.9191617233195,13,12.6995626093011,NaN,NaN
902.899437778131,-12.5491414493857,57.5264316195772,-1701.31598046234,12.8621547489073,13,12.4605718319573,NaN,NaN
897.899437778131,-12.6324868852585,57.5310243988635,-1598.95322515794,12.805147774495,13,12.2215810546135,NaN,NaN
892.899437778131,-12.7158323211313,57.5356171781499,-1326.64379980875,12.7481408000827,13,11.9418938883605,NaN,NaN
887.899437778131,-12.7992764126463,57.5397825586239,-1049.31026908954,12.2931873423143,12.6163767018583,NaN,NaN,NaN
882.899437778131,-12.8827890480419,57.5436509913262,-613.885212113968,11.7167150180579,11.9803169459257,NaN,NaN,NaN
877.899437778131,-12.9662783009834,57.547758492542,-360.411501150482,11.3786636697971,11.9062137310919,NaN,NaN,NaN
872.899437778131,-13.0497314049721,57.5522355903955,-271.160595017249,11.2943888866729,11.700691661016,NaN,NaN,NaN
867.899437778131,-13.1331845089609,57.556712688249,-246.058675934195,11.2101141035487,11.4857909640492,NaN,NaN,NaN
862.899437778131,-13.2166683025637,57.5611154091384,-218.333211895203,10.9989378863394,11.6037258881228,NaN,NaN,NaN
857.899437778131,-13.3001724888318,57.5654687079486,-187.866154154864,10.5432206555211,10.9441351593068,NaN,NaN,NaN
852.899437778131,-13.3836766750999,57.5698220067588,-157.876349300925,10.0875034247028,10.2845444304909,NaN,NaN,NaN
847.899437778131,-13.467180861368,57.5741753055689,-126.814737464177,9.63178619388449,9.62495370167493,NaN,NaN,NaN
842.899437778131,-13.5461499680333,57.5861375604997,-94.9775799411108,9.20120267546375,9.16587318500893,NaN,NaN,NaN
837.899437778131,-13.6240591500115,57.5998781569685,-51.2651377144325,8.77649333006409,8.75365529094456,NaN,NaN,NaN
832.899437778131,-13.7019683319896,57.6136187534373,-31.0216062420062,8.35178398466443,8.34143739688018,NaN,NaN,NaN
827.899437778131,-13.7785456468526,57.6292559984017,-75.465474021984,7.9787022598745,8,NaN,NaN,NaN
822.899437778131,-13.8486981800472,57.6540424688011,-109.567981297198,7.85466654478172,8.14671106641997,NaN,NaN,NaN
817.899437778131,-13.9188507132418,57.6788289392005,-138.667221251926,7.73063082968895,8.10123130421928,NaN,NaN,NaN
812.899437778131,-13.9890032464363,57.7036154095999,-163.588251547563,7.60659511459617,8.0557515420186,NaN,NaN,NaN
807.899437778131,-14.0591557796309,57.7284018799992,-185.331050914878,7.48255939950339,8.01027177981791,NaN,NaN,NaN
802.899437778131,-14.1265687571036,57.7553674352274,-205.070584698448,7.1145412645905,7.10700954688363,NaN,NaN,NaN
797.899437778131,-14.1931824807916,57.7829687292299,-223.707323964202,7.34861584270341,7.38876598350102,NaN,NaN,NaN
792.899437778131,-14.2597962044795,57.8105700232324,-241.031857409407,7.58269042081631,7.6705224201184,NaN,NaN,NaN
787.899437778131,-14.3264099281675,57.8381713172349,-270.713274619346,7.81676499892921,7.95227885673578,NaN,NaN,NaN
782.899437778131,-14.3930236518555,57.8657726112373,-310.305592862688,8.05083957704212,8.23403529335317,NaN,NaN,NaN
777.899437778131,-14.4609474479434,57.8924651526657,-341.68026359902,7.37561223614161,6.88353953041817,NaN,NaN,NaN
772.899437778131,-14.5295842154482,57.9186631301218,-375.395425255641,7.9556412573084,7.57232399305373,NaN,NaN,NaN
767.899437778131,-14.5982209829529,57.9448611075778,-411.711775235574,8.5356702784752,8.2611084556893,NaN,NaN,NaN
762.899437778131,-14.6668577504576,57.9710590850338,-457.191288011653,9.11569929964199,8.94989291832486,NaN,NaN,NaN
757.899437778131,-14.7354945179624,57.9972570624899,-497.279599898481,9.69572832080878,9.63867738096043,NaN,NaN,NaN
752.899437778131,-14.8036289163625,58.023851566545,-519.377643898893,9.90896923512325,9.89699150290263,NaN,NaN,NaN
747.899437778131,-14.8712089988196,58.0508835995279,-536.976797048206,9.91316024798881,9.89907812604105,NaN,NaN,NaN
742.899437778131,-14.9387890812768,58.0779156325107,-553.332056741689,9.91735126085437,9.90394876261454,NaN,NaN,NaN
737.899437778131,-15.0063691637339,58.1049476654936,-570.50469030342,9.92154227371993,9.90881939918803,NaN,NaN,NaN
732.899437778131,-15.0739492461911,58.1319796984764,-589.103518734842,9.92573328658549,9.91369003576152,NaN,NaN,NaN
727.899437778131,-15.1415293286482,58.1590117314593,-650.144516575295,9.92992429945105,9.91856067233501,NaN,NaN,NaN
722.899437778131,-15.2099955720541,58.1853729462134,-739.973639209966,8.44281400980276,8.33898099298559,NaN,NaN,NaN
717.899437778131,-15.2785321693375,58.2116809035276,-834.534586660969,8.10124561498997,8.02199378233226,NaN,NaN,NaN
712.899437778131,-15.3470687666209,58.2379888608417,-916.541921005291,7.75967722017718,7.70500657167892,NaN,NaN,NaN
707.899437778131,-15.4156053639043,58.2642968181559,-975.579414707202,7.41810882536438,7.38801936102559,NaN,NaN,NaN
702.899437778131,-15.4841419611876,58.2906047754701,-1024.2303263399,7.07654043055159,7.072221938891,NaN,NaN,NaN
697.899437778131,-15.553255121492,58.3166480965113,-1067.55923103289,6.94590083563492,6.94235334944704,NaN,NaN,NaN
692.899437778131,-15.6225347939679,58.3426149902429,-1100.44017235708,6.95548861178198,6.9525698322267,NaN,NaN,NaN
687.899437778131,-15.6918144664439,58.3685818839745,-1115.69808850576,6.96507638792903,6.96278631500635,NaN,NaN,NaN
682.899437778131,-15.7610941389198,58.3945487777061,-1126.00414710208,6.97466416407609,6.973002797786,NaN,NaN,NaN
677.899437778131,-15.8303738113958,58.4205156714377,-1134.875757611,6.98425194022315,6.98348993733072,NaN,NaN,NaN
672.899437778131,-15.8992758780074,58.4468508075397,-1142.94836755422,5.75615350079076,6.31106225220071,4.45472300519648,4.45472300519648,NaN
667.899437778131,-15.9681630667137,58.4732004526195,-1151.17961387451,5.82807688373423,6.19940058342357,4.92736237882491,NaN,NaN
662.899437778131,-16.0370502554201,58.4995500976993,-1159.66312662471,5.90000026667769,6.10253134609975,5.40000175245334,NaN,NaN
657.899437778131,-16.1059374441264,58.5258997427791,-1169.71245839005,5.97192364962115,6.01989982404972,5.87264112608176,NaN,NaN
652.899437778131,-16.1780052692332,58.5501943080769,-1182.03735289526,5.96972193032465,6,6,5.41019541686594,NaN
647.899437778131,-16.2512462919885,58.5737308443316,-1195.61655411219,5.974677512229,6,6,5.6294799161331,NaN
642.899437778131,-16.3244873147437,58.5972673805863,-1201.91301759951,5.97963309413334,6,5.9938894713293,5.79835255386702,NaN
637.899437778131,-16.3966529162878,58.6217549042135,-1201.50614103615,5.895418266445,5.91356121242393,5.90815878820041,NaN,NaN
632.899437778131,-16.466428443628,58.6483559535588,-1195.95714632412,5.61445111652017,5.63501619310188,5.61220470517075,NaN,NaN
627.899437778131,-16.5362039709681,58.674957002904,-1174.40718794166,5.33348396659531,5.35647117377984,5.31625062214109,NaN,NaN
622.899437778131,-16.6059794983083,58.7015580522493,-1157.00217867805,5.0525168166705,5.07792615445782,5.02204289109162,NaN,NaN
617.899437778131,-16.6728274248072,58.7300554875896,-1144.72671327228,4.97556251371638,5,4.93939393939394,NaN,NaN
612.899437778131,-16.7385381866855,58.7592895339563,-1134.57295820798,4.97785268577801,5,4.94117647058824,NaN,NaN
607.899437778131,-16.8042489485638,58.788523580323,-1127.12214241841,4.98014285783964,5,4.94117647058824,NaN,NaN
602.899437778131,-16.8699597104421,58.8177576266897,-1120.53932433985,4.98243302990126,5,4.94285714285714,NaN,NaN
597.899437778131,-16.9356793586002,58.8470464577595,-1113.71839808633,5.7967344487561,5.84082252101928,5.40484047308336,NaN,NaN
592.899437778131,-17.0013997449993,58.8763398401498,-1098.98589325558,6.65965879465528,6.75149762123699,5.93413206465973,NaN,NaN
587.899437778131,-17.0671201313983,58.9056332225401,-1028.19042351935,7.52258314055447,7.66217272145472,6.41982545144251,NaN,NaN
582.899437778131,-17.1369180756015,58.9324337776473,-942.037819942472,8.10435762774295,8.27237226747513,6.77704197385883,NaN,NaN
577.899437778131,-17.2091206903017,58.9577642301808,-849.389837296255,8.52032875837099,8.70537145608208,7.05849144645336,NaN,NaN
572.899437778131,-17.2813233050019,58.9830946827143,-786.316275329007,8.93629988899905,9.13837064468906,7.33994091904788,NaN,NaN
567.899437778131,-17.3535259197021,59.0084251352478,-782.494484171571,9.35227101962706,9.571369833296,7.62139039164241,NaN,NaN
562.899437778131,-17.4257252137559,59.0337590049128,-783.025571202532,9.76451057062977,10,7.90435128253522,NaN,NaN
557.899437778131,-17.4975987302616,59.0594281179506,-785.855921617235,9.81065729069766,10,8.48690216506329,NaN,NaN
552.899437778131,-17.5694722467673,59.0850972309883,-837.400483163527,9.85680401076555,10,8.87893952782183,NaN,NaN
547.899437778131,-17.6413457632731,59.1107663440261,-958.069527496205,9.90295073083343,10,9.27097689058037,NaN,NaN
542.899437778131,-17.7132192797788,59.1364354570639,-1155.82405102153,9.94909745090132,10,9.69109639889401,NaN,NaN
537.899437778131,-17.7848989493607,59.1622776909221,-1318.83211575814,9.84989812604643,10,9.67499490944029,NaN,NaN
532.899437778131,-17.8553920297926,59.1891796438784,-1455.87830496838,9.85996245562231,10,9.74637972196641,NaN,NaN
527.899437778131,-17.9258851102244,59.2160815968348,-1555.29510910816,9.87002678519819,10,9.8194089445115,NaN,NaN
522.899437778131,-17.9963781906563,59.2429835497911,-1627.73666907804,9.88009111477407,10,9.87645101813163,NaN,NaN
517.899437778131,-18.0669428192474,59.2698493705046,-1698.68132989658,9.53513991404766,10,9.57293907897401,8.69521650181268,NaN
512.899437778131,-18.1380044371636,59.2964642086755,-1744.15929188826,9.65957292367777,10,9.69757271928064,9.05451681711949,NaN
507.899437778131,-18.2090660550799,59.3230790468464,-1822.23511359738,9.78400593330783,10,9.82631618738558,9.41752379915894,NaN
502.899437778131,-18.2801276729961,59.3496938850173,-2022.62407447222,9.90843894293789,10,9.93423694137191,9.77455211608531,NaN
497.899437778131,-18.3512068843457,59.3764016961216,-2271.09074160028,9.81529882265464,9.94070840645771,9.94070840645772,9.65222449514401,NaN
492.899437778131,-18.4223162400125,59.4032688056156,-2480.74883675131,9.67495591409871,9.77982751128389,9.77982751128389,9.54382708023745,NaN
487.899437778131,-18.4934255956794,59.4301359151096,-2640.43127809424,9.53461300554278,9.61894661611006,9.61894661611006,9.43163382439254,NaN
482.899437778131,-18.5645349513462,59.4570030246037,-2706.68580019075,9.39427009698693,9.45806572093624,9.45806572093623,9.31944056854764,NaN
477.899437778131,-18.635644307013,59.4838701340977,-2712.10647488778,9.253927188431,9.29718482576239,9.29718482576239,9.20841533235285,NaN
472.899437778131,-18.7067536626799,59.5107372435917,-2712.49990064893,9.11358427987516,9.13630393058856,9.13630393058856,9.09558976950367,NaN
467.899437778131,-18.7778874255709,59.5376116870346,-2711.48652868574,8.99179591036288,9.020106049069,9.020106049069,9.020106049069,8.18019694827098
462.899437778131,-18.8491565510115,59.5645268045833,-2708.25666529609,9.12665991208592,9.15172031581074,9.15172031581074,9.15172031581074,8.42462344364853
457.899437778131,-18.9204256764522,59.591441922132,-2703.40363288131,9.26152391380892,9.28333458255251,9.28333458255251,9.28333458255249,8.66904993902608
452.899437778131,-18.9916948018928,59.6183570396807,-2697.74606064558,9.39638791553199,9.41494884929427,9.41494884929426,9.41494884929428,8.82989769858853
447.899437778131,-19.0629639273335,59.6452721572294,-2692.85129934671,9.53125191725498,9.54656311603602,9.54656311603601,9.54656311603602,9.09312623207204
442.899437778131,-19.1342330527742,59.6721872747781,-2689.37378097984,9.66611591897803,9.67817738277779,9.67817738277779,9.67817738277777,9.35635476555556
437.899437778131,-19.2055021782148,59.6991023923268,-2687.47400627276,9.80097992070111,9.80979164951953,9.80979164951953,9.80979164951955,9.61958329903908
432.899437778131,-19.2767713036555,59.7260175098754,-2687.48424545843,9.93584392242416,9.9414059162613,9.9414059162613,9.9414059162613,9.88281183252259
427.899437778131,-19.3482315710955,59.7529837068797,-2688.53581946915,9.81766506613235,9.91000776648819,9.91000776648819,9.9100077664882,9.1438724709332
422.899437778131,-19.4198452179143,59.7799908919201,-2691.42952299243,9.66993160028961,9.74780245093023,9.74780245093023,9.74780245093022,9.11247789372843
417.899437778131,-19.4914588647331,59.8069980769605,-2695.135174525,9.5221981344468,9.58559713537227,9.58559713537227,9.58559713537225,9.08108331652367
412.899437778131,-19.563072511552,59.8340052620009,-2700.48785209749,9.37446466860409,9.4233918198143,9.4233918198143,9.42339181981431,9.0496887393189
407.899437778131,-19.6346861583708,59.8610124470413,-2705.44786168076,9.22673120276134,9.26118650425633,9.26118650425633,9.26118650425633,9.01829416211413
402.899437778131,-19.7062998051897,59.8880196320817,-2710.0968728998,9.07899773691862,9.09898118869837,9.09898118869838,9.0989811886984,8.98689958490936
397.899437778131,-19.7655157986642,59.9181849344218,-2712.6861658374,8.92295175936931,8.9379368053431,8.9379368053431,8.93793680534307,8.86479089735461
392.899437778131,-19.8053225171351,59.9532944601131,-2711.92411543729,8.74456977283828,8.77870993145972,8.77870993145971,8.77870993145971,8.52689709484489
387.899437778131,-19.8451292356059,59.9884039858044,-2710.4034982568,8.56618778630735,8.61948305757631,8.61948305757631,8.61948305757632,8.18648101964592
382.899437778131,-19.8849359540768,60.0235135114957,-2706.86366968938,8.38780579977629,8.46025618369293,8.46025618369293,8.46025618369291,7.86653798575515
377.899437778131,-19.9247426725476,60.058623037187,-2702.93229818523,8.2094238132453,8.30102930980955,8.30102930980954,8.30102930980956,7.55696373638098
372.899437778131,-19.9645493910185,60.0937325628783,-2699.32899973792,8.03104182671425,8.14180243592614,8.14180243592614,8.14180243592614,7.22823728707333
367.899437778131,-20,60.1299240242303,-2693.81848658322,8.01554280950648,8.01969609692122,8.01969609692122,8.01969609692119,8.01688236878961
362.899437778131,-20,60.1749204245183,-2679.02905960414,8.19341093299778,8.19968169807311,8.19968169807311,8.19968169807314,8.1724523756086
357.899437778131,-20,60.2199168248063,-2665.02509027007,8.37127905648906,8.37966729922504,8.37966729922503,8.37966729922504,8.3322088868219
352.899437778131,-20,60.2649132250942,-2651.52596420336,8.54914717998034,8.55965290037693,8.55965290037693,8.55965290037693,8.4924945523317
347.899437778131,-20,60.3099096253822,-2639.62147050932,8.72701530347164,8.73963850152883,8.73963850152884,8.73963850152882,8.65429559750629
342.899437778131,-20,60.3549060256702,-2627.52771206994,8.9048834269629,8.91962410268076,8.91962410268076,8.91962410268073,8.81744364682734
337.899437778131,-20,60.3999024259582,-2614.02973042987,9.08802059732232,9.09960970383265,9.09960970383265,9.09960970383267,8.98007805923347
332.899437778131,-20,60.4448988262461,-2600.53060436316,9.25456329050435,9.27959530498458,9.27959530498458,9.27959530498457,8.98355321735385
327.899437778131,-20,60.4898952265341,-2566.88184357077,9.4211059836865,9.45958090613647,9.45958090613647,9.45958090613648,9
322.899437778131,-20,60.5348916268221,-2532.87764535139,9.58764867686852,9.63956650728839,9.63956650728839,9.63956650728838,9.06395665072884
317.899437778131,-20,60.5798880271101,-2507.44651662824,9.75419137005061,9.81955210844029,9.81955210844029,9.81955210844032,9.14900947426187
312.899437778131,-20,60.6248844273981,-2487.1386575019,9.92073406323261,9.99953770959219,9.99953770959219,9.99953770959221,9.21729080643309
307.899437778131,-20,60.669880827686,-2439.68668429501,9.92116182572614,10,10,10,9.25
302.899437778131,-20,60.714877227974,-2414.64439086745,9.92116182572614,10,10,10,9.30769230769231
297.899437778131,-20,60.759873628262,-2406.2227197937,9.92116182572614,10,10,10,9.33333333333333
292.899437778131,-20,60.80487002855,-2388.78522856347,9.92116182572614,10,10,10,9.35714285714286
287.899437778131,-20,60.8498664288379,-2364.05545986518,9.92116182572614,10,10,10,9.4
282.899437778131,-20,60.8948628291259,-2353.92497952961,9.96771940649149,10,10,10,9.75733881553441
277.899437778131,-20,60.9398592294139,-2348.60850129653,9.96094170602971,10,10,10,9.70364244218774
272.899437778131,-20,60.9848556297019,-2346,9.95416400556791,9.98942306639259,10,10,9.64157844179052
267.899437778131,-20,61.0298520299898,-2346,9.94738630510614,10,10,10,9.57951444139333
262.899437778131,-20,61.0748484302778,-2347.4909743435,9.94060860464434,10,10,10,9.53353542629624
257.899437778131,-20,61.1198448305658,-2349,9.93383090418255,10,10,10,9.47354022591227
252.899437778131,-20,61.1648412308538,-2349,9.99857071817565,10,10,10,9.97875134354465
247.899437778131,-20,61.2098376311418,-2348.4097789018,9.99695649753751,10,10,10,9.96007640887447
242.899437778131,-20,61.2548340314297,-2343.12986106538,9.99534227689938,10,10,10,9.94229598603123
237.899437778131,-20,61.2998304317177,-2329.07089932583,9.99372805626125,10,10,10,9.92638718664518
232.899437778131,-20,61.3448268320057,-2264.51516308884,9.99211383562312,10,10,10,9.91206926719773
227.899437778131,-20,61.3898232322937,-2201.00727519227,9.93775880362881,9.94070707082536,9.94070707082535,9.9337767284543,NaN
222.899437778131,-20,61.4348196325816,-2231.91088172042,9.74882364219862,9.76072146967345,9.76072146967345,9.73311240848191,NaN
217.899437778131,-20,61.4798160328696,-2221.47739554956,9.55988848076846,9.58073586852156,9.58073586852156,9.53235923796634,NaN
212.899437778131,-20,61.5248124331576,-2173.02787080563,9.37095331933829,9.40075026736963,9.40075026736963,9.33248131048769,NaN
207.899437778131,-20,61.5698088334456,-2080.17109120592,9.18201815790813,9.22076466621773,9.22076466621773,9.20078427304383,NaN
202.899437778131,-20,61.6148052337335,-2042.45055127168,8.99308299647796,9.04077906506582,9.04077906506582,9.01618365647777,NaN
197.899437778131,-20,61.6598016340215,-2001.59175262463,8.92231205199953,9,9,8.9746835443038,NaN
192.899437778131,-20,61.7047980343095,-1937.51614246814,8.92132312012506,9,9,9,7.2
187.899437778131,-20,61.7497944345975,-1866.34535514594,8.9203341882506,9,9,9,8
182.899437778131,-20,61.7947908348854,-1809.18756229309,8.91934525637614,9,9,9,8.25
177.899437778131,-20,61.8397872351734,-1809.38731631433,8.91835632450168,9,9,9,8.4
172.899437778131,-19.9972561561345,61.8846365118892,-1808.42736121597,8.91224095000574,8.96694164017441,8.96694164017441,8.9669416401744,8.44530831307455
167.899437778131,-19.9846368085118,61.9289562689013,-1787.74694088256,8.76272062271879,8.81490130737133,8.81490130737133,8.81490130737133,8.32904217622513
162.899437778131,-19.9720174608892,61.9732760259133,-1807.74548759204,8.61320029543178,8.66286097456826,8.66286097456826,8.66286097456826,8.23778075799754
157.899437778131,-19.9593981132665,62.0175957829254,-1879.27125693592,8.46367996814476,8.51082064176518,8.51082064176518,8.51082064176518,8.1401215592883
152.899437778131,-19.9467787656439,62.0619155399375,-1834.91526671309,8.31415964085778,8.35878030896209,8.3587803089621,8.35878030896209,8.03702424716969
147.899437778131,-19.9341594180212,62.1062352969496,-1818.15647001353,8.16463931357077,8.20673997615904,8.20673997615904,8.20673997615904,7.92926569498588
142.899437778131,-19.9215400703985,62.1505550539617,-1812.55168147479,8.01511898628375,8.05469964335595,8.05469964335595,8.05469964335595,7.80618542557386
137.899437778131,-19.9030290748523,62.194568093595,-1810.18177015291,8.05823040449949,8.08416219968507,8.08416219968507,8.0551407515178,8
132.899437778131,-19.8812073256835,62.2384087764129,-1810,8.16777733807743,8.21561851997864,8.21561851997864,8.1412673061929,8
127.899437778131,-19.8593855765148,62.2822494592308,-1811,8.27732427165539,8.34707484027219,8.34707484027219,8.22739386086799,8
122.899437778131,-19.8375638273461,62.3260901420487,-1812.42196244303,8.38687120523339,8.47853116056576,8.47853116056576,8.31352041554308,8
117.899437778131,-19.8157420781774,62.3699308248666,-1813,8.49641813881133,8.60998748085933,8.60998748085933,8.41016399575024,8
112.899437778131,-19.7939203290086,62.4137715076845,-1813.36474004861,8.6059650723893,8.7414438011529,8.74144380115289,8.49855703870626,8
107.899437778131,-19.7720985798399,62.4576121905024,-1814.96381095926,8.7155120059673,8.87290012144645,8.87290012144645,8.58695008166227,8
102.899437778131,-19.7502947139638,62.5014554312549,-1828.04778422921,8.97851130410159,9,9,8.97412773811779,NaN
97.8994377781314,-19.7290125959868,62.5453733001545,-1830.29923050186,8.97211114833073,9,9,8.94908009513184,NaN
92.8994377781314,-19.7077304780097,62.5892911690542,-1819.12675571575,8.96571099255987,9,9,8.92340142136826,NaN
87.8994377781314,-19.6864483600326,62.6332090379538,-1798.78082511317,8.95931083678901,9,9,8.90015792028076,NaN
82.8994377781314,-19.6651662420556,62.6771269068535,-1750.29396113839,8.95291068101815,9,9,8.87509064351156,NaN
77.8994377781314,-19.6438841240785,62.7210447757531,-1711.960725291,8.94651052524729,9,9,8.85351119542276,NaN
72.8994377781314,-19.6226020061015,62.7649626446528,-1690.19950911674,8.94011036947643,9,9,8.832912631338,NaN
67.8994377781314,-19.6176263159106,62.8072696097353,-1627.86906228998,8.92958848729158,9,9,8.94382730937367,NaN
62.8994377781314,-19.6387684734458,62.8469964057489,-1613.19744220829,8.91984555755187,9,9,8.82297294286835,NaN
57.8994377781314,-19.6599106309809,62.8867232017625,-1464.96582268026,8.91010262781217,9,9,8.72897510225311,NaN
52.8994377781314,-19.6810527885161,62.9264499977762,-1427.59685141923,8.90035969807247,9,9,8.65377682976091,NaN
47.8994377781314,-19.7021949460512,62.9661767937898,-1414.87197569341,8.89061676833277,9,9,8.59225097044912,NaN
42.8994377781314,-19.7233371035864,63.0059035898035,-1378.53963271095,8.88087383859306,9,9,8.54097942102262,NaN
37.8994377781314,-19.765268054794,63.0434082333012,-1170.21816282927,8.78893051150924,8.90450988117611,8.8334096533831,NaN,NaN
32.8994377781314,-19.8264420456122,63.0788559527869,-1142.87388043271,8.58367241435229,8.72407111644083,8.52599935938302,NaN,NaN
27.8994377781314,-19.8876160364304,63.1143036722726,-1039.21253281991,8.37841431719533,8.54549534251239,8.22344632806405,NaN,NaN
22.8994377781314,-19.9487900272486,63.1497513917584,-834.543305110573,8.17315622003841,8.37415689753327,7.93796322005646,NaN,NaN
17.8994377781314,-20.009282493279,63.1854430727871,-728.883164148527,8.43465027916087,8.84536962366063,NaN,NaN,NaN
12.8994377781314,-20.0681984928542,63.2216990725256,-485.153740823929,7.94204158706104,8.31595547064289,NaN,NaN,NaN
7.89943777813141,-20.1271144924293,63.2579550722642,-162.939500232894,7.44943289496122,7.79050619906974,NaN,NaN,NaN
