Refdist,Lon,Lat,Water_depth,Total,Upper_water,Permanent_pycnocline,Labrador_sea_water_level,Overflow_water
1302.89943777813,-6.208,56.675,-15.381060195979,204.534961002824,141.519034201817,32.4678490295018,37.0079057632932,4.85605395984731
1297.89943777813,-6.28518755775411,56.6885243156749,-22.5243973623362,204.534961002824,141.519034201817,32.4678490295018,37.0079057632932,4.85605395984731
1292.89943777813,-6.35984627240515,56.7059330156902,-41.1633980048146,204.534961002824,141.519034201817,32.4678490295018,37.0079057632932,4.85605395984731
1287.89943777813,-6.43379938921198,56.7232145267395,-21.6882899736771,204.534961002824,141.519034201817,32.4678490295018,37.0079057632932,4.85605395984731
1282.89943777813,-6.51190206270632,56.7315946419213,-35.983620630592,204.534961002824,141.519034201817,32.4678490295018,37.0079057632932,4.85605395984731
1277.89943777813,-6.59327276804972,56.733,-43.3286917147893,204.534961002824,141.519034201817,32.4678490295018,37.0079057632932,4.85605395984731
1272.89943777813,-6.67530195581663,56.733,-38.7762595864474,204.534961002824,141.519034201817,32.4678490295018,37.0079057632932,4.85605395984731
1267.89943777813,-6.75733114358354,56.733,-25.6288069209906,204.534961002824,141.519034201817,32.4678490295018,37.0079057632932,4.85605395984731
1262.89943777813,-6.83936033135044,56.733,-78.9653886422808,204.534961002824,141.519034201817,32.4678490295018,37.0079057632932,4.85605395984731
1257.89943777813,-6.92138951911735,56.733,-96.9621984733552,204.534961002824,141.519034201817,32.4678490295018,37.0079057632932,4.85605395984731
1252.89943777813,-7.00341870688426,56.733,-127.589980321091,204.534961002824,141.519034201817,32.4678490295018,37.0079057632932,4.85605395984731
1247.89943777813,-7.08544789465116,56.733,-183.294603843169,204.534961002824,141.519034201817,32.4678490295018,37.0079057632932,4.85605395984731
1242.89943777813,-7.16747708241807,56.733,-190.235179303556,204.534961002824,141.519034201817,32.4678490295018,37.0079057632932,4.85605395984731
1237.89943777813,-7.24950627018498,56.733,-102.976605837331,204.534961002824,141.519034201817,32.4678490295018,37.0079057632932,4.85605395984731
1232.89943777813,-7.33153545795189,56.733,-98.2650114738381,204.534961002824,141.519034201817,32.4678490295018,37.0079057632932,4.85605395984731
1227.89943777813,-7.41356464571879,56.733,-145.097654991021,204.517918468509,141.519034201817,32.4678490295018,37.0079057632932,4.85605395984731
1222.89943777813,-7.4955938334857,56.733,-164.821481373081,204.504346241228,141.518039286162,32.4678490295018,37.0079057632932,4.85605395984731
1217.89943777813,-7.57762302125261,56.733,-52.8104717984553,204.504346241228,141.518039286162,32.4678490295018,37.0079057632932,4.85605395984731
1212.89943777813,-7.65828464007842,56.7386144624683,-25.5732169026043,204.504346241228,141.518039286162,32.4678490295018,37.0079057632932,4.85605395984731
1207.89943777813,-7.73884071799207,56.7446622160655,-33.3304520189541,204.504346241228,141.518039286162,32.4678490295018,37.0079057632932,4.85605395984731
1202.89943777813,-7.81820078327276,56.7557403578488,-37.0920495820681,204.504346241228,141.518039286162,32.4678490295018,37.0079057632932,4.85605395984731
1197.89943777813,-7.89736852494423,56.7676274061478,-48.5019608249751,204.504346241228,141.518039286162,32.4678490295018,37.0079057632932,4.85605395984731
1192.89943777813,-7.97658598308737,56.7794949076478,-86.7598909536867,204.504346241228,141.518039286162,32.4678490295018,37.0079057632932,4.85605395984731
1187.89943777813,-8.05581928414498,56.7913561802612,-103.566044117718,204.504346241228,141.518039286162,32.4678490295018,37.0079057632932,4.85605395984731
1182.89943777813,-8.13476598158229,56.8038134024188,-113.066293803353,204.504346241228,141.518039286162,32.4678490295018,37.0079057632932,4.85605395984731
1177.89943777813,-8.21355878967834,56.8165906145424,-118.627102477198,204.502074417741,141.518039286162,32.4678490295018,37.0079057632932,4.85605395984731
1172.89943777813,-8.29076095090814,56.8316803943487,-127.203270701179,204.498216748878,141.518039286162,32.4678490295018,37.0079057632932,4.85605395984731
1167.89943777813,-8.36659444837915,56.8487600108962,-129.859741171384,204.492369417487,141.518039286162,32.4678490295018,37.0079057632932,4.85605395984731
1162.89943777813,-8.44208284072306,56.8664241355593,-127.460580085503,204.484355385185,141.518039286162,32.4678490295018,37.0079057632932,4.85605395984731
1157.89943777813,-8.51690698215271,56.8852133088517,-124.111066869115,204.47370897469,141.515995638678,32.4678490295018,37.0079057632932,4.85605395984731
1152.89943777813,-8.59173112358236,56.904002482144,-122.617093092909,204.456223535314,141.512450019044,32.4678490295018,37.0079057632932,4.85605395984731
1147.89943777813,-8.66688429904791,56.9224399259772,-121,204.430084886925,141.506966716321,32.4678490295018,37.0079057632932,4.85605395984731
1142.89943777813,-8.74269105587698,56.9401787070752,-120,204.397405765383,141.500051865729,32.4678490295018,37.0079057632932,4.85605395984731
1137.89943777813,-8.81849781270604,56.9579174881732,-122.269726982986,204.365483454415,141.493452795673,32.4678490295018,37.0079057632932,4.85605395984731
1132.89943777813,-8.89431497290455,56.9756486112683,-135.273026659945,204.33431924397,141.487169685613,32.4678490295018,37.0079057632932,4.85605395984731
1127.89943777813,-8.97040292999917,56.9931803986173,-173.783570522701,204.304226166161,141.481257388429,32.4678490295018,37.0079057632932,4.85605395984731
1122.89943777813,-9.04649088709379,57.0107121859663,-228.345535167112,204.282672172891,141.478915551918,32.4678490295018,37.0079057632932,4.85605395984731
1117.89943777813,-9.12253139411061,57.0283197304678,-316.129745448914,204.268345977096,141.47737749738,32.4678490295018,37.0079057632932,4.85605395984731
1112.89943777813,-9.19836291115698,57.0462609411255,-425.495887962062,204.254806984892,141.47737749738,32.4678490295018,37.0079057632932,4.85605395984731
1107.89943777813,-9.27413544876553,57.0642838621914,-754.174954613597,204.242997063066,141.476993001486,32.4678490295018,37.0079057632932,4.85605395984731
1102.89943777813,-9.34934530414288,57.0830863260357,-933.603529605289,204.178656648693,141.436734764059,32.4678490295018,37.0079057632932,4.85605395984731
1097.89943777813,-9.42657860076367,57.0991668278258,-1265.18062696593,204.105525003643,141.389862163716,32.4678490295018,37.0079057632932,4.85605395984731
1092.89943777813,-9.50443257570478,57.1144123842764,-1639.60803990747,203.697538308173,140.95711946525,32.4678490295018,37.0079057632932,4.85605395984731
1087.89943777813,-9.58211174227366,57.1299610769706,-1813.58438652219,203.322793026907,140.563429735201,32.4678490295018,37.0079057632932,4.85605395984731
1082.89943777813,-9.65939356504216,57.1461988059251,-1904.21694812979,202.573743770654,139.996366857679,32.3673789784575,36.9968504652881,4.85605395984731
1077.89943777813,-9.73667538781066,57.1624365348796,-1956.40110784953,201.719430065223,139.305254678399,32.2647519891961,36.9864724031834,4.85605395984731
1072.89943777813,-9.81395721057917,57.1786742638342,-1993.02320936738,200.752582655442,138.506982069823,32.1515398748036,36.976754446346,4.85605395984731
1067.89943777813,-9.89117939143122,57.1950533070493,-2034.62595188889,199.66571818609,137.582588971578,32.035682396534,36.9676790235376,4.85605395984731
1062.89943777813,-9.96817737735319,57.2119635528594,-2079.62443374358,198.398999817396,136.531745373145,31.9158285521202,36.8709367567739,4.85605395984731
1057.89943777813,-10.0451753632752,57.2288737986695,-2119.64794395463,197.010155646533,135.383959146009,31.7817140181028,36.7648351289505,4.85605395984731
1052.89943777813,-10.1221733491971,57.2457840444796,-2182.96694658848,195.49162914291,134.13338127902,31.6376687086965,36.6443302563547,4.85605395984731
1047.89943777813,-10.1991713351191,57.2626942902897,-2203.49317438047,193.835368824072,132.773739745737,31.4831951058974,36.5083393832333,4.85605395984731
1042.89943777813,-10.2763600470941,57.2795003992068,-2205.91053451933,192.032752262913,131.2982685031,31.3177708976625,36.3557338294715,4.85605395984731
1037.89943777813,-10.3536041481333,57.2962762655589,-2206.32926828121,189.931509106219,129.510519932723,31.1212774548385,36.1169574530562,4.85605395984731
1032.89943777813,-10.4308482491725,57.313052131911,-2210.28984532107,187.531722618053,127.306550018342,30.8839030492748,35.9006006760188,4.85605395984731
1027.89943777813,-10.5080923502118,57.3298279982632,-2233.46427841181,184.803851549303,124.702587587274,30.6006969853588,35.705856059673,4.85605395984731
1022.89943777813,-10.5857477683059,57.3460511917987,-2254.23712039791,181.714744562274,121.524592116998,30.2936008078233,35.5318479384986,4.85605395984731
1017.89943777813,-10.6635184468201,57.3621195138058,-2217.91750731081,179.610525875905,119.190697783488,30.2936008078233,35.5318479384986,4.85605395984731
1012.89943777813,-10.7412891253343,57.3781878358129,-1452.26900886761,177.66569933098,116.938288148004,30.2936008078233,35.5318479384986,4.85605395984731
1007.89943777813,-10.8193556050734,57.3939459500507,-872.154692014844,175.877107843377,114.846579566885,30.2936008078233,35.5318479384986,4.85605395984731
1002.89943777813,-10.8975681727279,57.4095508613856,-718.48924325501,175.002767470086,113.947642784911,30.2936008078233,35.5318479384986,4.85605395984731
997.899437778131,-10.9757970174599,57.425118667044,-672.93026987602,174.392054099684,113.325890631794,30.2936008078233,35.5318479384986,4.85605395984731
992.899437778131,-11.0556401809567,57.4370064269424,-618.255648149543,173.994877624318,112.928126335863,30.2936008078233,35.5318479384986,4.85605395984731
987.899437778131,-11.1354833444535,57.4488941868409,-616.775376338341,173.409485573225,112.327514231989,30.2936008078233,35.5318479384986,4.85605395984731
982.899437778131,-11.2159135300188,57.4596669922014,-674.334044451419,172.598118132824,111.479847429062,30.2936008078233,35.5318479384986,4.85605395984731
977.899437778131,-11.2988147742697,57.4657464167798,-784.169614226904,171.559675485866,110.382525047712,30.2936008078233,35.5318479384986,4.85605395984731
972.899437778131,-11.3817160185205,57.4718258413582,-1352.36434206744,170.434241318269,109.251385217065,30.2936008078233,35.5318479384986,4.85605395984731
967.899437778131,-11.4648160008655,57.4768675422545,-2022.08347532709,169.216680081298,108.032708444684,30.2936008078233,35.5318479384986,4.85605395984731
962.899437778131,-11.5481331152228,57.4807754744476,-1950.28299113356,167.512013508962,106.170064964043,30.2936008078233,35.5318479384986,4.85605395984731
957.899437778131,-11.6314502295801,57.4846834066407,-1888.53818752305,166.040760973163,104.54428281708,30.2936008078233,35.5318479384986,4.85605395984731
952.899437778131,-11.7148330221721,57.4883135642319,-1877.63434943631,164.789092838602,103.145454018687,30.2936008078233,35.5318479384986,4.85605395984731
947.899437778131,-11.79838532113,57.4912268243072,-1860.60567138374,162.821575040756,101.469690391977,30.1173643496658,35.4164216460421,4.85605395984731
942.899437778131,-11.8819376200878,57.4941400843824,-1842.39025290012,160.815186543075,99.7617532221612,29.9340923614992,35.3008828342494,4.85605395984731
937.899437778131,-11.9654899190457,57.4970533444577,-1829.08326929421,158.768842595742,98.0441288731658,29.7279416575044,35.1852581841967,4.85605395984731
932.899437778131,-12.0490422180036,57.4999666045329,-1818.12297351628,156.681376513085,96.2917960253961,29.5136891843177,35.0695524615137,4.85605395984731
927.899437778131,-12.1323951277694,57.5043144319777,-1809.32139088409,154.551531036471,94.5023251164894,29.2913130801873,34.9537597893256,4.85605395984731
922.899437778131,-12.2157457253796,57.5086788949432,-1804.98498644987,152.661059159365,92.9886859826302,29.0702796140376,34.8749638273157,4.85605395984731
917.899437778131,-12.2990963229897,57.5130433579088,-1804.21738658374,150.975836073883,91.6684283421533,28.8750141312799,34.7836890209831,4.85605395984731
912.899437778131,-12.3824469205999,57.5174078208743,-1803.77757404981,149.486932507646,90.5812114511023,28.7042790458307,34.6787841850724,4.85605395984731
907.899437778131,-12.4657960135128,57.5218388402908,-1789.9610341631,148.184463587141,89.7223770570327,28.5382793285364,34.564827519224,4.85605395984731
902.899437778131,-12.5491414493857,57.5264316195772,-1701.31598046234,147.359283947339,88.9527654543384,28.4571805997494,34.564827519224,4.85605395984731
897.899437778131,-12.6324868852585,57.5310243988635,-1598.95322515794,146.332330370326,87.9704171749642,28.3565141831476,34.564827519224,4.85605395984731
892.899437778131,-12.7158323211313,57.5356171781499,-1326.64379980875,145.078578107496,86.7782351292389,28.2340934062377,34.564827519224,4.85605395984731
887.899437778131,-12.7992764126463,57.5397825586239,-1049.31026908954,143.571285007369,85.3240585812658,28.1017923102118,34.564827519224,4.85605395984731
882.899437778131,-12.8827890480419,57.5436509913262,-613.885212113968,143.312202507306,85.1420821703052,28.1017923102118,34.564827519224,4.85605395984731
877.899437778131,-12.9662783009834,57.547758492542,-360.411501150482,143.041688012565,84.9170402807687,28.1017923102118,34.564827519224,4.85605395984731
872.899437778131,-13.0497314049721,57.5522355903955,-271.160595017249,142.960431060732,84.8832275705336,28.1017923102118,34.564827519224,4.85605395984731
867.899437778131,-13.1331845089609,57.556712688249,-246.058675934195,142.899478582342,84.8522663862917,28.1017923102118,34.564827519224,4.85605395984731
862.899437778131,-13.2166683025637,57.5611154091384,-218.333211895203,142.855581811794,84.8312075069956,28.1017923102118,34.564827519224,4.85605395984731
857.899437778131,-13.3001724888318,57.5654687079486,-187.866154154864,142.839505927887,84.8292182874169,28.1017923102118,34.564827519224,4.85605395984731
852.899437778131,-13.3836766750999,57.5698220067588,-157.876349300925,142.823163919562,84.827165040814,28.1017923102118,34.564827519224,4.85605395984731
847.899437778131,-13.467180861368,57.5741753055689,-126.814737464177,142.806552297161,84.8250468384171,28.1017923102118,34.564827519224,4.85605395984731
842.899437778131,-13.5461499680333,57.5861375604997,-94.9775799411108,142.789667324211,84.8228627082889,28.1017923102118,34.564827519224,4.85605395984731
837.899437778131,-13.6240591500115,57.5998781569685,-51.2651377144325,142.773603209261,84.8208100073739,28.1017923102118,34.564827519224,4.85605395984731
832.899437778131,-13.7019683319896,57.6136187534373,-31.0216062420062,142.758579165615,84.8189277509152,28.1017923102118,34.564827519224,4.85605395984731
827.899437778131,-13.7785456468526,57.6292559984017,-75.465474021984,142.744554184685,84.817207949711,28.1017923102118,34.564827519224,4.85605395984731
822.899437778131,-13.8486981800472,57.6540424688011,-109.567981297198,142.731488982352,84.8156353734652,28.1017923102118,34.564827519224,4.85605395984731
817.899437778131,-13.9188507132418,57.6788289392005,-138.667221251926,142.71935271302,84.8129034143996,28.1017923102118,34.564827519224,4.85605395984731
812.899437778131,-13.9890032464363,57.7036154095999,-163.588251547563,142.708107101276,84.8103782523871,28.1017923102118,34.564827519224,4.85605395984731
807.899437778131,-14.0591557796309,57.7284018799992,-185.331050914878,142.69771430133,84.8080498219674,28.1017923102118,34.564827519224,4.85605395984731
802.899437778131,-14.1265687571036,57.7553674352274,-205.070584698448,142.688136897432,84.8059082967689,28.1017923102118,34.564827519224,4.85605395984731
797.899437778131,-14.1931824807916,57.7829687292299,-223.707323964202,142.674188122741,84.7999251210061,28.1017923102118,34.564827519224,4.85605395984731
792.899437778131,-14.2597962044795,57.8105700232324,-241.031857409407,142.661333919873,84.7942199092204,28.1017923102118,34.564827519224,4.85605395984731
787.899437778131,-14.3264099281675,57.8381713172349,-270.713274619346,142.649533950821,84.7887881336136,28.1017923102118,34.564827519224,4.85605395984731
782.899437778131,-14.3930236518555,57.8657726112373,-310.305592862688,142.638747219658,84.7836250942641,28.1017923102118,34.564827519224,4.85605395984731
777.899437778131,-14.4609474479434,57.8924651526657,-341.68026359902,142.628932071191,84.7787259178528,28.1017923102118,34.564827519224,4.85605395984731
772.899437778131,-14.5295842154482,57.9186631301218,-375.395425255641,142.61344229884,84.7656742650617,28.1017923102118,34.564827519224,4.85605395984731
767.899437778131,-14.5982209829529,57.9448611075778,-411.711775235574,142.598676247644,84.7530928927048,28.1017923102118,34.564827519224,4.85605395984731
762.899437778131,-14.6668577504576,57.9710590850338,-457.191288011653,142.5846236812,84.7409818050096,28.1017923102118,34.564827519224,4.85605395984731
757.899437778131,-14.7354945179624,57.9972570624899,-497.279599898481,142.571273272244,84.7293401645873,28.1017923102118,34.564827519224,4.85605395984731
752.899437778131,-14.8036289163625,58.023851566545,-519.377643898893,142.558612581183,84.7181662615711,28.1017923102118,34.564827519224,4.85605395984731
747.899437778131,-14.8712089988196,58.0508835995279,-536.976797048206,142.50884297155,84.6562008306303,28.1017923102118,34.564827519224,4.85605395984731
742.899437778131,-14.9387890812768,58.0779156325107,-553.332056741689,142.45177784143,84.5892708888013,28.1017923102118,34.564827519224,4.85605395984731
737.899437778131,-15.0063691637339,58.1049476654936,-570.50469030342,142.386888807255,84.5130165307536,28.1017923102118,34.564827519224,4.85605395984731
732.899437778131,-15.0739492461911,58.1319796984764,-589.103518734842,142.313640996225,84.4267854392168,28.1017923102118,34.564827519224,4.85605395984731
727.899437778131,-15.1415293286482,58.1590117314593,-650.144516575295,142.231492642975,84.329914416209,28.1017923102118,34.564827519224,4.85605395984731
722.899437778131,-15.2099955720541,58.1853729462134,-739.973639209966,142.139894658586,84.2217284211662,28.1017923102118,34.564827519224,4.85605395984731
717.899437778131,-15.2785321693375,58.2116809035276,-834.534586660969,142.022753844587,84.0668513102538,28.1017923102118,34.564827519224,4.85605395984731
712.899437778131,-15.3470687666209,58.2379888608417,-916.541921005291,141.917690248151,83.927640026464,28.1017923102118,34.564827519224,4.85605395984731
707.899437778131,-15.4156053639043,58.2642968181559,-975.579414707202,141.824027180869,83.8032854928443,28.1017923102118,34.564827519224,4.85605395984731
702.899437778131,-15.4841419611876,58.2906047754701,-1024.2303263399,141.74108977849,83.6929694900441,28.1017923102118,34.564827519224,4.85605395984731
697.899437778131,-15.553255121492,58.3166480965113,-1067.55923103289,141.668205503614,83.59122007679,28.1017923102118,34.564827519224,4.85605395984731
692.899437778131,-15.6225347939679,58.3426149902429,-1100.44017235708,141.557923844614,83.4318667094705,28.1017923102118,34.564827519224,4.85605395984731
687.899437778131,-15.6918144664439,58.3685818839745,-1115.69808850576,141.432151764761,83.2494952575574,28.1017923102118,34.564827519224,4.85605395984731
682.899437778131,-15.7610941389198,58.3945487777061,-1126.00414710208,141.289812188387,83.0423991612992,28.1017923102118,34.564827519224,4.85605395984731
677.899437778131,-15.8303738113958,58.4205156714377,-1134.875757611,141.129816575232,82.8088297477168,28.1017923102118,34.564827519224,4.85605395984731
672.899437778131,-15.8992758780074,58.4468508075397,-1142.94836755422,140.951063531676,82.5369483902386,28.1017923102118,34.564827519224,4.85605395984731
667.899437778131,-15.9681630667137,58.4732004526195,-1151.17961387451,140.599487406091,82.1464178807976,28.0488210753367,34.5647634453916,4.85605395984731
662.899437778131,-16.0370502554201,58.4995500976993,-1159.66312662471,140.192834752153,81.7205185001484,27.9729745826968,34.5647634453916,4.85605395984731
657.899437778131,-16.1059374441264,58.5258997427791,-1169.71245839005,139.726546178084,81.2549596438174,27.8738909042881,34.5647634453916,4.85605395984731
652.899437778131,-16.1780052692332,58.5501943080769,-1182.03735289526,139.1958948625,80.7449614724009,27.7430076004401,34.5647634453916,4.85605395984731
647.899437778131,-16.2512462919885,58.5737308443316,-1195.61655411219,138.564188688989,80.1114529439717,27.615865200527,34.5644081975784,4.85605395984731
642.899437778131,-16.3244873147437,58.5972673805863,-1201.91301759951,137.826003315294,79.3221095629004,27.4939104758936,34.5640224718006,4.85605395984731
637.899437778131,-16.3966529162878,58.6217549042135,-1201.50614103615,136.971770444945,78.3564988596347,27.3716950608876,34.5638448154539,4.85605395984731
632.899437778131,-16.466428443628,58.6483559535588,-1195.95714632412,136.125657492523,77.387457065669,27.2646872340838,34.5638448154539,4.85605395984731
627.899437778131,-16.5362039709681,58.674957002904,-1174.40718794166,135.511882075635,76.6946436339578,27.1768417748403,34.5638448154539,4.85605395984731
622.899437778131,-16.6059794983083,58.7015580522493,-1157.00217867805,135.093916448279,76.2347272781806,27.106244970742,34.5638448154539,4.85605395984731
617.899437778131,-16.6728274248072,58.7300554875896,-1144.72671327228,134.834308385971,75.9627742421726,27.0463010579924,34.5638448154539,4.85605395984731
612.899437778131,-16.7385381866855,58.7592895339563,-1134.57295820798,134.645560996086,75.7653330457011,27.0023968303814,34.5638448154539,4.85605395984731
607.899437778131,-16.8042489485638,58.788523580323,-1127.12214241841,134.498564883068,75.6094064190343,26.9700973003132,34.5638448154539,4.85605395984731
602.899437778131,-16.8699597104421,58.8177576266897,-1120.53932433985,134.388032639976,75.4866462140503,26.9499709066976,34.5638448154539,4.85605395984731
597.899437778131,-16.9356793586002,58.8470464577595,-1113.71839808633,134.308692289598,75.3942811759479,26.9383231868033,34.5638448154539,4.85605395984731
592.899437778131,-17.0013997449993,58.8763398401498,-1098.98589325558,134.217197762759,75.2728662005504,26.935874506208,34.5638448154539,4.85605395984731
587.899437778131,-17.0671201313983,58.9056332225401,-1028.19042351935,134.086321632689,75.1179728746573,26.928894624171,34.5638448154539,4.85605395984731
582.899437778131,-17.1369180756015,58.9324337776473,-942.037819942472,133.908918817425,74.9169813608314,26.916474020485,34.5638448154539,4.85605395984731
577.899437778131,-17.2091206903017,58.9577642301808,-849.389837296255,133.706656494573,74.6845592716432,26.9033438810153,34.5638448154539,4.85605395984731
572.899437778131,-17.2813233050019,58.9830946827143,-786.316275329007,133.494986644291,74.4309595399059,26.8926718221768,34.5638448154539,4.85605395984731
567.899437778131,-17.3535259197021,59.0084251352478,-782.494484171571,133.273616989857,74.1550565522516,26.88418340324,34.5638448154539,4.85605395984731
562.899437778131,-17.4257252137559,59.0337590049128,-783.025571202532,133.042240769558,73.8556775160108,26.8776092801974,34.5638448154539,4.85605395984731
557.899437778131,-17.4975987302616,59.0594281179506,-785.855921617235,132.799872902484,73.5308494937911,26.8726511642929,34.5638448154539,4.85605395984731
552.899437778131,-17.5694722467673,59.0850972309883,-837.400483163527,132.475207215853,73.106196072071,26.8639438364122,34.5638448154539,4.85605395984731
547.899437778131,-17.6413457632731,59.1107663440261,-958.069527496205,132.055877341591,72.5791913055947,26.8524302127682,34.5638448154539,4.85605395984731
542.899437778131,-17.7132192797788,59.1364354570639,-1155.82405102153,131.529224566858,71.9183592747668,26.8377437546029,34.5638448154539,4.85605395984731
537.899437778131,-17.7848989493607,59.1622776909221,-1318.83211575814,130.882192586774,71.1200249860401,26.815669370985,34.5638448154539,4.85605395984731
532.899437778131,-17.8553920297926,59.1891796438784,-1455.87830496838,129.977988804207,70.1841960730866,26.7280565376684,34.5638448154539,4.85605395984731
527.899437778131,-17.9258851102244,59.2160815968348,-1555.29510910816,129.156164998652,69.3030025301535,26.6565292379926,34.5638448154539,4.85605395984731
522.899437778131,-17.9963781906563,59.2429835497911,-1627.73666907804,128.412530780115,68.4509124126315,26.5945358552763,34.5638448154539,4.85605395984731
517.899437778131,-18.0669428192474,59.2698493705046,-1698.68132989658,127.742799972498,67.6444992135106,26.5480039671679,34.5638448154539,4.85605395984731
512.899437778131,-18.1380044371636,59.2964642086755,-1744.15929188826,127.122869693118,66.8509577242552,26.4770318467398,34.5523618410135,4.85605395984731
507.899437778131,-18.2090660550799,59.3230790468464,-1822.23511359738,126.299998131468,65.8554855645348,26.3766699240994,34.533107997139,4.85605395984731
502.899437778131,-18.2801276729961,59.3496938850173,-2022.62407447222,125.245522515665,64.6525609186207,26.233892368203,34.5024612733104,4.85605395984731
497.899437778131,-18.3512068843457,59.3764016961216,-2271.09074160028,123.92971777407,63.2037761014879,26.0452257253361,34.4596243788406,4.85605395984731
492.899437778131,-18.4223162400125,59.4032688056156,-2480.74883675131,122.373483553502,61.7303351168732,25.8285849179011,34.2905851534174,4.85605395984731
487.899437778131,-18.4934255956794,59.4301359151096,-2640.43127809424,121.086183359234,60.6169701667601,25.6339077945123,34.1277192109789,4.85605395984731
482.899437778131,-18.5645349513462,59.4570030246037,-2706.68580019075,120.045264971944,59.8031930710196,25.4679055828268,33.9757307689723,4.85605395984731
477.899437778131,-18.635644307013,59.4838701340977,-2712.10647488778,119.226447237646,59.2572449781551,25.3194161576094,33.8343210952501,4.85605395984731
472.899437778131,-18.7067536626799,59.5107372435917,-2712.49990064893,118.604115753777,58.918074041686,25.2008078396927,33.6993794833913,4.85605395984731
467.899437778131,-18.7778874255709,59.5376116870346,-2711.48652868574,118.151722710177,58.7417432800137,25.0996023070936,33.5746635281812,4.85605395984731
462.899437778131,-18.8491565510115,59.5645268045833,-2708.25666529609,117.616108293547,58.656369506026,25.014088512066,33.2584039661582,4.85131713787717
457.899437778131,-18.9204256764522,59.591441922132,-2703.40363288131,117.020415574172,58.5338969729714,24.915348067355,32.9367771228899,4.84673872013074
452.899437778131,-18.9916948018928,59.6183570396807,-2697.74606064558,116.360726143887,58.3746996451481,24.8023342484455,32.6096106717987,4.84231682445343
447.899437778131,-19.0629639273335,59.6452721572294,-2692.85129934671,115.632942661591,58.1666251548528,24.6739770928899,32.2717754983849,4.83934635532772
442.899437778131,-19.1342330527742,59.6721872747781,-2689.37378097984,114.832760066475,57.902671853598,24.5339331300701,31.9213279442734,4.83648711596693
437.899437778131,-19.2055021782148,59.6991023923268,-2687.47400627276,113.955632317735,57.575557774503,24.3767596797202,31.5643912233681,4.83373745910825
432.899437778131,-19.2767713036555,59.7260175098754,-2687.48424545843,112.996733721456,57.1776381565016,24.2013017970184,31.2007264419326,4.83109569786988
427.899437778131,-19.3482315710955,59.7529837068797,-2688.53581946915,111.950913656557,56.7008043991855,24.0063494026527,30.830078814833,4.82856010543352
422.899437778131,-19.4198452179143,59.7799908919201,-2691.42952299243,110.849770755521,56.2025976291231,23.8179325744556,30.4594287554044,4.77256867624607
417.899437778131,-19.4914588647331,59.8069980769605,-2695.135174525,109.82334403073,55.7335698648162,23.6459237782914,30.1168447868583,4.71812995522025
412.899437778131,-19.563072511552,59.8340052620009,-2700.48785209749,108.87014689293,55.2932175797765,23.4897309327902,29.8017880333238,4.66525776415939
407.899437778131,-19.6346861583708,59.8610124470413,-2705.44786168076,107.98850725959,54.8809833953852,23.3487232219471,29.5136209982147,4.61396472060158
402.899437778131,-19.7062998051897,59.8880196320817,-2710.0968728998,107.176570551562,54.505116642774,23.2141494241004,29.2516081654006,4.56426212412027
397.899437778131,-19.7655157986642,59.9181849344218,-2712.6861658374,106.432304391107,54.1553454232495,23.094228369325,29.0149178356753,4.51615984135315
392.899437778131,-19.8053225171351,59.9532944601131,-2711.92411543729,105.695597589457,53.7941592282486,22.9811135736067,28.7789492200515,4.4763271069008
387.899437778131,-19.8451292356059,59.9884039858044,-2710.4034982568,104.854484385005,53.3365307968677,22.8540320394734,28.5201163746208,4.42974621343576
382.899437778131,-19.8849359540768,60.0235135114957,-2706.86366968938,103.900927577493,52.8041100659784,22.7074165081085,28.2277438347793,4.37939206220836
377.899437778131,-19.9247426725476,60.058623037187,-2702.93229818523,102.826371305967,52.192018011348,22.5336423169976,27.9091529144063,4.32066525317829
372.899437778131,-19.9645493910185,60.0937325628783,-2699.32899973792,101.621617236552,51.479972965882,22.3469165979113,27.5558200994322,4.25226460878896
367.899437778131,-20,60.1299240242303,-2693.81848658322,100.276673631946,50.6757313413632,22.1271488116635,27.1677066868789,4.17833823344317
362.899437778131,-20,60.1749204245183,-2679.02905960414,98.8233770769224,49.7238029485821,21.8962406203392,26.741032516988,4.13640887411578
357.899437778131,-20,60.2199168248063,-2665.02509027007,97.3790943824785,48.8402712329718,21.6627295331335,26.3004898592539,4.08374084074113
352.899437778131,-20,60.2649132250942,-2651.52596420336,95.9437875082357,48.0054380288625,21.4419733604041,25.8528049866443,4.01173839494899
347.899437778131,-20,60.3099096253822,-2639.62147050932,94.5174146181601,47.2372920887354,21.2195831437112,25.3921250229571,3.92301373261004
342.899437778131,-20,60.3549060256702,-2627.52771206994,93.0999297911396,46.5171873866657,21.016454263398,24.9093162633397,3.81419969855183
337.899437778131,-20,60.3999024259582,-2614.02973042987,91.69128271022,45.8448367705695,20.825838898252,24.4133977297831,3.68108225349684
332.899437778131,-20,60.4448988262461,-2600.53060436316,90.4425804151314,45.1982576220989,20.6373925879554,23.9508982723129,3.63972954672028
327.899437778131,-20,60.4898952265341,-2566.88184357077,89.2964361385669,44.5843527503764,20.4656206382462,23.5486725575703,3.5919316391478
322.899437778131,-20,60.5348916268221,-2532.87764535139,88.2504321296277,44.0029190029031,20.3099592522731,23.19607686849,3.5445662906455
317.899437778131,-20,60.5798880271101,-2507.44651662824,87.3017388239233,43.4668859833698,20.1598754446863,22.895322160091,3.4932088634694
312.899437778131,-20,60.6248844273981,-2487.1386575019,86.4471219611311,42.9359589070073,20.0254892191786,22.6416287392271,3.43935863323799
307.899437778131,-20,60.669880827686,-2439.68668429501,85.6829560087105,42.4362278372274,19.9093018255287,22.4221844723507,3.3892101856366
302.899437778131,-20,60.714877227974,-2414.64439086745,84.9070084940116,41.9689196169955,19.7769300345975,22.1948612257706,3.33384550419558
297.899437778131,-20,60.759873628262,-2406.2227197937,84.1186755533455,41.5221741337328,19.6362335016859,21.9631935015652,3.26745087099689
292.899437778131,-20,60.80487002855,-2388.78522856347,83.3175926826415,41.1067355506945,19.4816471293672,21.7177815636763,3.19408084508161
287.899437778131,-20,60.8498664288379,-2364.05545986518,82.5033766480017,40.721852465355,19.3078084360006,21.4633602754745,3.11287852818423
282.899437778131,-20,60.8948628291259,-2353.92497952961,81.6756239427325,40.3563702163991,19.1293227501573,21.197734589216,3.01600715204387
277.899437778131,-20,60.9398592294139,-2348.60850129653,80.8161983586908,39.9996603116172,18.9420429736842,20.9067058674898,2.92290573883175
272.899437778131,-20,60.9848556297019,-2346,79.8969479390422,39.6382297708562,18.7469559654854,20.5786562224106,2.81889516694595
267.899437778131,-20,61.0298520299898,-2346,78.9139237000556,39.2298985895223,18.5369052470226,20.2131014814923,2.71058534265689
262.899437778131,-20,61.0748484302778,-2347.4909743435,77.8628414486989,38.8570075778656,18.3174354591504,19.7976012238446,2.59743753213872
257.899437778131,-20,61.1198448305658,-2349,76.7390229136435,38.4777789626513,18.0879613829835,19.3339846898293,2.46797289195005
252.899437778131,-20,61.1648412308538,-2349,75.5373240927449,38.0805119894539,17.8606223728063,18.809075481219,2.33045936902091
247.899437778131,-20,61.2098376311418,-2348.4097789018,74.1504588697809,37.6237447808831,17.5628870013567,18.1948913755508,2.27214863596369
242.899437778131,-20,61.2548340314297,-2343.12986106538,72.4813595515246,37.0776741966288,17.2038193516879,17.4692044980472,2.18404167813248
237.899437778131,-20,61.2998304317177,-2329.07089932583,70.4867210764437,36.4273402378211,16.7621884057482,16.6219318553911,2.06840375284063
232.899437778131,-20,61.3448268320057,-2264.51516308884,68.1135224308012,35.6548701799636,16.2432106288079,15.6076881876885,1.91564588828474
227.899437778131,-20,61.3898232322937,-2201.00727519227,65.294642563704,34.7385734425184,15.6383875931826,14.3851142563659,1.7100910187996
222.899437778131,-20,61.4348196325816,-2231.91088172042,62.8342163947421,33.7275549115113,14.9847979140721,13.5485408233842,1.7100910187996
217.899437778131,-20,61.4798160328696,-2221.47739554956,60.6744657169293,32.8343745628699,14.4300608358132,12.8130936997004,1.7100910187996
212.899437778131,-20,61.5248124331576,-2173.02787080563,58.814326826174,32.0177799518053,13.9525886267482,12.2055228613654,1.7100910187996
207.899437778131,-20,61.5698088334456,-2080.17109120592,57.2478104628297,31.2867292335581,13.5882439193216,11.7067408406988,1.7100910187996
202.899437778131,-20,61.6148052337335,-2042.45055127168,55.963497930929,30.6310451450608,13.2922496737362,11.3366038789244,1.7100910187996
197.899437778131,-20,61.6598016340215,-2001.59175262463,54.9443597113742,30.0726205851676,13.0604383025793,11.0735499279363,1.7100910187996
192.899437778131,-20,61.7047980343095,-1937.51614246814,53.9215911229701,29.512378036991,12.856010856384,10.7892397393458,1.7100910187996
187.899437778131,-20,61.7497944345975,-1866.34535514594,52.8422753236556,28.9788914926346,12.6417641932378,10.4810841775511,1.70449216932001
182.899437778131,-20,61.7947908348854,-1809.18756229309,51.7022304595654,28.4722805619855,12.4170386577427,10.1544296305402,1.6812086049652
177.899437778131,-20,61.8397872351734,-1809.38731631433,50.4966887303327,27.9723293615051,12.1811009445865,9.79786482439041,1.63522792049765
172.899437778131,-19.9972561561345,61.8846365118892,-1808.42736121597,49.2201670512382,27.4861712164671,11.9575160359093,9.39423578478977,1.55501493808102
167.899437778131,-19.9846368085118,61.9289562689013,-1787.74694088256,47.9381818658207,27.0314212558449,11.729968811249,8.96821067002709,1.44290707952556
162.899437778131,-19.9720174608892,61.9732760259133,-1807.74548759204,46.7914211180244,26.6204188846637,11.5243607713559,8.58991702638316,1.33779371121425
157.899437778131,-19.9593981132665,62.0175957829254,-1879.27125693592,45.7786965610797,26.2253917919208,11.3439372145562,8.2818661018615,1.22670906292251
152.899437778131,-19.9467787656439,62.0619155399375,-1834.91526671309,44.8973556760496,25.8744316258765,11.1847670595051,8.02816620648631,1.11024301914174
147.899437778131,-19.9341594180212,62.1062352969496,-1818.15647001353,44.1431923739409,25.5660269585731,11.0462488753565,7.82542562248153,0.989017805791632
142.899437778131,-19.9215400703985,62.1505550539617,-1812.55168147479,43.5104132279366,25.2908704266789,10.9303677319567,7.67568756670221,0.863641325683294
137.899437778131,-19.9030290748523,62.194568093595,-1810.18177015291,42.9916640010755,25.0552915696587,10.8331308988515,7.56198239777766,0.747131936177251
132.899437778131,-19.8812073256835,62.2384087764129,-1810,42.5063588384175,24.8304386205214,10.7307415521471,7.43898203312365,0.725385530423444
127.899437778131,-19.8593855765148,62.2822494592308,-1811,41.9341917219084,24.6009486297568,10.6086262376475,7.27091135345694,0.695866532968299
122.899437778131,-19.8375638273461,62.3260901420487,-1812.42196244303,41.2652962498754,24.3666776268647,10.4645227968322,7.04800721355254,0.656491266016453
117.899437778131,-19.8157420781774,62.3699308248666,-1813,40.4885157347349,24.1274733596155,10.2959124557004,6.75801973003021,0.604206029358392
112.899437778131,-19.7939203290086,62.4137715076845,-1813.36474004861,39.5910040832165,23.8831745776296,10.1089806175658,6.38120579504231,0.51348087204392
107.899437778131,-19.7720985798399,62.4576121905024,-1814.96381095926,38.5576719700362,23.6336102342646,9.89328338870714,5.89619386711773,0.377583389731722
102.899437778131,-19.7502947139638,62.5014554312549,-1828.04778422921,37.3703949864158,23.3785985950788,9.64530289467668,5.26436891457046,0
97.8994377781314,-19.7290125959868,62.5453733001545,-1830.29923050186,36.4131744799641,23.1151584933167,9.36172148850885,4.87359724200589,0
92.8994377781314,-19.7077304780097,62.5892911690542,-1819.12675571575,35.3254218922706,22.7647472230424,9.0624845201593,4.44442398309516,0
87.8994377781314,-19.6864483600326,62.6332090379538,-1798.78082511317,34.0895827897731,22.2989846191837,8.74701726584783,3.99306796299979,0
82.8994377781314,-19.6651662420556,62.6771269068535,-1750.29396113839,32.6836535627952,21.6721580991585,8.42868488439841,3.4804599630921,0
77.8994377781314,-19.6438841240785,62.7210447757531,-1711.960725291,31.0791545379803,20.8945065718524,8.06721059072016,2.91091623736124,0
72.8994377781314,-19.6226020061015,62.7649626446528,-1690.19950911674,29.2377457749863,19.9120219564465,7.6961238631783,2.19647923496263,0
67.8994377781314,-19.6176263159106,62.8072696097353,-1627.86906228998,27.1051593634636,18.7081530571851,7.28284336154213,1.08390394634681,0
62.8994377781314,-19.6387684734458,62.8469964057489,-1613.19744220829,25.2179867977875,17.351915265495,6.80578324984576,1.04387284133314,0
57.8994377781314,-19.6599106309809,62.8867232017625,-1464.96582268026,23.2747544303467,16.0112043732075,6.28691320158599,0.984752596205257,0
52.8994377781314,-19.6810527885161,62.9264499977762,-1427.59685141923,21.256225178478,14.7207843819937,5.67436294370829,0.898992464618451,0
47.8994377781314,-19.7021949460512,62.9661767937898,-1414.87197569341,19.1344115277847,13.4794365469269,4.9357454469078,0.773189153165424,0
42.8994377781314,-19.7233371035864,63.0059035898035,-1378.53963271095,16.8657837879698,12.2852933359215,4.00590357945655,0.575386209724767,0
37.8994377781314,-19.765268054794,63.0434082333012,-1170.21816282927,14.375783927249,11.0939336249211,2.79501485972786,0,0
32.8994377781314,-19.8264420456122,63.0788559527869,-1142.87388043271,12.7308341430428,9.80288787745286,2.4868092947882,0,0
27.8994377781314,-19.8876160364304,63.1143036722726,-1039.21253281991,10.6636147702618,8.21086698050845,2.06829173169243,0,0
22.8994377781314,-19.9487900272486,63.1497513917584,-834.543305110573,7.8416038027982,6.00526337942951,1.52256427702662,0,0
17.8994377781314,-20.009282493279,63.1854430727871,-728.883164148527,2.30841268657646,1.76911791845342,0,0,0
12.8994377781314,-20.0681984928542,63.2216990725256,-485.153740823929,1.53966509472591,1.11272646180782,0,0,0
7.89943777813141,-20.1271144924293,63.2579550722642,-162.939500232894,0.569907978978121,0.42298101225656,0,0,0
