Refdist,Lon,Lat,Water_depth,Total,Upper_water,Permanent_pycnocline,Labrador_sea_water_level,Overflow_water
1302.89943777813,-6.208,56.675,-15.381060195979,15.0631279284862,21.8349692880107,-2.77167000812669,-6.06548344376602,-2.9410466167149
1297.89943777813,-6.28518755775411,56.6885243156749,-22.5243973623362,15.0631279284862,21.8349692880107,-2.77167000812669,-6.06548344376602,-2.9410466167149
1292.89943777813,-6.35984627240515,56.7059330156902,-41.1633980048146,15.0631279284862,21.8349692880107,-2.77167000812669,-6.06548344376602,-2.9410466167149
1287.89943777813,-6.43379938921198,56.7232145267395,-21.6882899736771,15.0631279284862,21.8349692880107,-2.77167000812669,-6.06548344376602,-2.9410466167149
1282.89943777813,-6.51190206270632,56.7315946419213,-35.983620630592,15.0631279284862,21.8349692880107,-2.77167000812669,-6.06548344376602,-2.9410466167149
1277.89943777813,-6.59327276804972,56.733,-43.3286917147893,15.0631279284862,21.8349692880107,-2.77167000812669,-6.06548344376602,-2.9410466167149
1272.89943777813,-6.67530195581663,56.733,-38.7762595864474,15.0631279284862,21.8349692880107,-2.77167000812669,-6.06548344376602,-2.9410466167149
1267.89943777813,-6.75733114358354,56.733,-25.6288069209906,15.0631279284862,21.8349692880107,-2.77167000812669,-6.06548344376602,-2.9410466167149
1262.89943777813,-6.83936033135044,56.733,-78.9653886422808,15.0631279284862,21.8349692880107,-2.77167000812669,-6.06548344376602,-2.9410466167149
1257.89943777813,-6.92138951911735,56.733,-96.9621984733552,15.0631279284862,21.8349692880107,-2.77167000812669,-6.06548344376602,-2.9410466167149
1252.89943777813,-7.00341870688426,56.733,-127.589980321091,15.0631279284862,21.8349692880107,-2.77167000812669,-6.06548344376602,-2.9410466167149
1247.89943777813,-7.08544789465116,56.733,-183.294603843169,15.0631279284862,21.8349692880107,-2.77167000812669,-6.06548344376602,-2.9410466167149
1242.89943777813,-7.16747708241807,56.733,-190.235179303556,15.0631279284862,21.8349692880107,-2.77167000812669,-6.06548344376602,-2.9410466167149
1237.89943777813,-7.24950627018498,56.733,-102.976605837331,15.0631279284862,21.8349692880107,-2.77167000812669,-6.06548344376602,-2.9410466167149
1232.89943777813,-7.33153545795189,56.733,-98.2650114738381,15.0631279284862,21.8349692880107,-2.77167000812669,-6.06548344376602,-2.9410466167149
1227.89943777813,-7.41356464571879,56.733,-145.097654991021,15.0155274170792,21.8349692880107,-2.77167000812669,-6.06548344376602,-2.9410466167149
1222.89943777813,-7.4955938334857,56.733,-164.821481373081,14.9971239409471,21.8145100494109,-2.77167000812669,-6.06548344376602,-2.9410466167149
1217.89943777813,-7.57762302125261,56.733,-52.8104717984553,14.9971239409471,21.8145100494109,-2.77167000812669,-6.06548344376602,-2.9410466167149
1212.89943777813,-7.65828464007842,56.7386144624683,-25.5732169026043,14.9971239409471,21.8145100494109,-2.77167000812669,-6.06548344376602,-2.9410466167149
1207.89943777813,-7.73884071799207,56.7446622160655,-33.3304520189541,14.9971239409471,21.8145100494109,-2.77167000812669,-6.06548344376602,-2.9410466167149
1202.89943777813,-7.81820078327276,56.7557403578488,-37.0920495820681,14.9971239409471,21.8145100494109,-2.77167000812669,-6.06548344376602,-2.9410466167149
1197.89943777813,-7.89736852494423,56.7676274061478,-48.5019608249751,14.9971239409471,21.8145100494109,-2.77167000812669,-6.06548344376602,-2.9410466167149
1192.89943777813,-7.97658598308737,56.7794949076478,-86.7598909536867,14.9971239409471,21.8145100494109,-2.77167000812669,-6.06548344376602,-2.9410466167149
1187.89943777813,-8.05581928414498,56.7913561802612,-103.566044117718,14.9971239409471,21.8145100494109,-2.77167000812669,-6.06548344376602,-2.9410466167149
1182.89943777813,-8.13476598158229,56.8038134024188,-113.066293803353,14.9971239409471,21.8145100494109,-2.77167000812669,-6.06548344376602,-2.9410466167149
1177.89943777813,-8.21355878967834,56.8165906145424,-118.627102477198,15.0121836602169,21.8145100494109,-2.77167000812669,-6.06548344376602,-2.9410466167149
1172.89943777813,-8.29076095090814,56.8316803943487,-127.203270701179,15.0072704614579,21.8145100494109,-2.77167000812669,-6.06548344376602,-2.9410466167149
1167.89943777813,-8.36659444837915,56.8487600108962,-129.859741171384,15.0104111074589,21.8145100494109,-2.77167000812669,-6.06548344376602,-2.9410466167149
1162.89943777813,-8.44208284072306,56.8664241355593,-127.460580085503,15.0333814215194,21.8145100494109,-2.77167000812669,-6.06548344376602,-2.9410466167149
1157.89943777813,-8.51690698215271,56.8852133088517,-124.111066869115,15.0623161486394,21.8270045728787,-2.77167000812669,-6.06548344376602,-2.9410466167149
1152.89943777813,-8.59173112358236,56.904002482144,-122.617093092909,15.0770887089643,21.8331425911316,-2.77167000812669,-6.06548344376602,-2.9410466167149
1147.89943777813,-8.66688429904791,56.9224399259772,-121,15.0776806243472,21.8329184372518,-2.77167000812669,-6.06548344376602,-2.9410466167149
1142.89943777813,-8.74269105587698,56.9401787070752,-120,15.0644180353574,21.8268465600665,-2.77167000812669,-6.06548344376602,-2.9410466167149
1137.89943777813,-8.81849781270604,56.9579174881732,-122.269726982986,15.0379699409411,21.8159559692672,-2.77167000812669,-6.06548344376602,-2.9410466167149
1132.89943777813,-8.89431497290455,56.9756486112683,-135.273026659945,14.9983222662474,21.8002433014332,-2.77167000812669,-6.06548344376602,-2.9410466167149
1127.89943777813,-8.97040292999917,56.9931803986173,-173.783570522701,14.9440303358727,21.7791007957137,-2.77167000812669,-6.06548344376602,-2.9410466167149
1122.89943777813,-9.04649088709379,57.0107121859663,-228.345535167112,14.837834028954,21.7472667784011,-2.77167000812669,-6.06548344376602,-2.9410466167149
1117.89943777813,-9.12253139411061,57.0283197304678,-316.129745448914,14.6797040340928,21.6996282411109,-2.77167000812669,-6.06548344376602,-2.9410466167149
1112.89943777813,-9.19836291115698,57.0462609411255,-425.495887962062,14.4368485858899,21.6996282411109,-2.77167000812669,-6.06548344376602,-2.9410466167149
1107.89943777813,-9.27413544876553,57.0642838621914,-754.174954613597,14.1896192155579,21.6572322948625,-2.77167000812669,-6.06548344376602,-2.9410466167149
1102.89943777813,-9.34934530414288,57.0830863260357,-933.603529605289,13.5049812385236,21.1760195351216,-2.77167000812669,-6.06548344376602,-2.9410466167149
1097.89943777813,-9.42657860076367,57.0991668278258,-1265.18062696593,12.9610713976583,20.7941634853356,-2.77167000812669,-6.06548344376602,-2.9410466167149
1092.89943777813,-9.50443257570478,57.1144123842764,-1639.60803990747,12.2112337257648,20.1850616175907,-2.77167000812669,-6.06548344376602,-2.9410466167149
1087.89943777813,-9.58211174227366,57.1299610769706,-1813.58438652219,11.5578680357456,19.6572751875029,-2.77167000812669,-6.06548344376602,-2.9410466167149
1082.89943777813,-9.65939356504216,57.1461988059251,-1904.21694812979,11.0237267330664,19.1788593964663,-2.77167000812669,-6.04308290528054,-2.9410466167149
1077.89943777813,-9.73667538781066,57.1624365348796,-1956.40110784953,10.599048477778,18.7699385987252,-2.77167000812669,-6.02260518989402,-2.9410466167149
1072.89943777813,-9.81395721057917,57.1786742638342,-1993.02320936738,10.2837964380158,18.4393954138566,-2.77167000812669,-6.00405042372718,-2.9410466167149
1067.89943777813,-9.89117939143122,57.1950533070493,-2034.62595188889,10.0779337819156,18.1877956842588,-2.7415547513865,-5.98741873290075,-2.9410466167149
1062.89943777813,-9.96817737735319,57.2119635528594,-2079.62443374358,9.93505415524013,18.0269391487363,-2.694797565476,-6.0257015726801,-2.9410466167149
1057.89943777813,-10.0451753632752,57.2288737986695,-2119.64794395463,9.93068380659506,18.0012172164008,-2.63013876678732,-6.06966657615176,-2.9410466167149
1052.89943777813,-10.1221733491971,57.2457840444796,-2182.96694658848,10.0648348797233,18.1106192692655,-2.54814268625792,-6.11757252105899,-2.9410466167149
1047.89943777813,-10.1991713351191,57.2626942902897,-2203.49317438047,10.3375195183676,18.3551346893436,-2.45472613714278,-6.16941953980984,-2.9410466167149
1042.89943777813,-10.2763600470941,57.2795003992068,-2205.91053451933,10.7487498662708,18.7347528586483,-2.37083301016073,-6.22520776481238,-2.9410466167149
1037.89943777813,-10.3536041481333,57.2962762655589,-2206.32926828121,11.4284106514309,19.2682157268177,-2.29820946747499,-6.2216818823048,-2.9410466167149
1032.89943777813,-10.4308482491725,57.313052131911,-2210.28984532107,12.4615056316618,19.9609747323879,-2.23685612359977,-6.09218036382661,-2.9410466167149
1027.89943777813,-10.5080923502118,57.3298279982632,-2233.46427841181,13.8480524795958,20.8019631917901,-2.18677359304928,-5.8366995757387,-2.9410466167149
1022.89943777813,-10.5857477683059,57.3460511917987,-2254.23712039791,15.5880688678655,21.8097468703563,-2.09774609972293,-5.45523588440194,-2.9410466167149
1017.89943777813,-10.6635184468201,57.3621195138058,-2217.91750731081,16.5724361431809,22.6797305938169,-1.95518442581796,-5.45523588440194,-2.9410466167149
1012.89943777813,-10.7412891253343,57.3781878358129,-1452.26900886761,17.5616085964409,23.5707665316178,-1.75908196491585,-5.45523588440194,-2.9410466167149
1007.89943777813,-10.8193556050734,57.3939459500507,-872.154692014844,18.555586264696,24.4700622715822,-1.51876247910066,-5.45523588440194,-2.9410466167149
1002.89943777813,-10.8975681727279,57.4095508613856,-718.48924325501,19.1794652922993,25.0045203182521,-1.51876247910066,-5.45523588440194,-2.9410466167149
997.899437778131,-10.9757970174599,57.425118667044,-672.93026987602,19.692397565814,25.4446641937967,-1.51876247910066,-5.45523588440194,-2.9410466167149
992.899437778131,-11.0556401809567,57.4370064269424,-618.255648149543,20.0926647629252,25.7890292298148,-1.51876247910066,-5.45523588440194,-2.9410466167149
987.899437778131,-11.1354833444535,57.4488941868409,-616.775376338341,20.2093953862256,25.8917166864834,-1.51876247910066,-5.45523588440194,-2.9410466167149
982.899437778131,-11.2159135300188,57.4596669922014,-674.334044451419,20.0425958325142,25.7527343323281,-1.51876247910066,-5.45523588440194,-2.9410466167149
977.899437778131,-11.2988147742697,57.4657464167798,-784.169614226904,19.6187903708157,25.3936088183099,-1.51876247910066,-5.45523588440194,-2.9410466167149
972.899437778131,-11.3817160185205,57.4718258413582,-1352.36434206744,19.0496052823046,24.914037423155,-1.51876247910066,-5.45523588440194,-2.9410466167149
967.899437778131,-11.4648160008655,57.4768675422545,-2022.08347532709,18.3350358646034,24.3073639810157,-1.51876247910066,-5.45523588440194,-2.9410466167149
962.899437778131,-11.5481331152228,57.4807754744476,-1950.28299113356,17.176198651175,23.277533758906,-1.51876247910066,-5.45523588440194,-2.9410466167149
957.899437778131,-11.6314502295801,57.4846834066407,-1888.53818752305,15.9278304618738,22.1823450316157,-1.51876247910066,-5.45523588440194,-2.9410466167149
952.899437778131,-11.7148330221721,57.4883135642319,-1877.63434943631,14.5899389755675,21.0218039246774,-1.51876247910066,-5.45523588440194,-2.9410466167149
947.899437778131,-11.79838532113,57.4912268243072,-1860.60567138374,12.5624379676064,19.585323131246,-1.51876247910066,-5.52412044982033,-2.9410466167149
942.899437778131,-11.8819376200878,57.4941400843824,-1842.39025290012,10.5094367077288,18.2088289302355,-1.51876247910066,-5.66648674673522,-2.9410466167149
937.899437778131,-11.9654899190457,57.4970533444577,-1829.08326929421,8.43093977550181,16.9057396490404,-1.51876247910066,-5.88397226701339,-2.9410466167149
932.899437778131,-12.0490422180036,57.4999666045329,-1818.12297351628,6.32695175049292,15.6620755258303,-1.84822970555353,-6.17813247858537,-2.9410466167149
927.899437778131,-12.1323951277694,57.5043144319777,-1809.32139088409,4.19747721226939,14.4774854985903,-2.19489042011001,-6.55043408085715,-2.9410466167149
922.899437778131,-12.2157457253796,57.5086788949432,-1804.98498644987,2.63151188664063,13.563545972361,-2.57052316624383,-6.7534315513626,-2.9410466167149
917.899437778131,-12.2990963229897,57.5130433579088,-1804.21738658374,1.55610274544635,12.8981993843544,-2.9595922923261,-6.8682564827219,-2.9410466167149
912.899437778131,-12.3824469205999,57.5174078208743,-1803.77757404981,0.971220219680533,12.4957025474072,-3.36027887652804,-6.89024547311877,-2.9410466167149
907.899437778131,-12.4657960135128,57.5218388402908,-1789.9610341631,0.876834740337169,12.3566866381753,-3.66883159585554,-6.81582695665192,-2.9410466167149
902.899437778131,-12.5491414493857,57.5264316195772,-1701.31598046234,1.03817587616757,12.4651193774088,-3.8668634252044,-6.81582695665192,-2.9410466167149
897.899437778131,-12.6324868852585,57.5310243988635,-1598.95322515794,1.50101067552773,12.7942274087382,-3.95904116850963,-6.81582695665192,-2.9410466167149
892.899437778131,-12.7158323211313,57.5356171781499,-1326.64379980875,2.26532199808075,13.3448487997988,-3.94959676971425,-6.81582695665192,-2.9410466167149
887.899437778131,-12.7992764126463,57.5397825586239,-1049.31026908954,3.33109270348972,14.1246731626156,-3.88542722044172,-6.81582695665192,-2.9410466167149
882.899437778131,-12.8827890480419,57.5436509913262,-613.885212113968,3.5613461649412,14.310484281149,-3.76578673114033,-6.81582695665192,-2.9410466167149
877.899437778131,-12.9662783009834,57.547758492542,-360.411501150482,3.6707208044892,14.4159651916295,-3.59068102972509,-6.81582695665192,-2.9410466167149
872.899437778131,-13.0497314049721,57.5522355903955,-271.160595017249,3.63607613024936,14.4036571862559,-3.36782428807656,-6.81582695665192,-2.9410466167149
867.899437778131,-13.1331845089609,57.556712688249,-246.058675934195,3.5787202801268,14.3794695319794,-3.36782428807656,-6.81582695665192,-2.9410466167149
862.899437778131,-13.2166683025637,57.5611154091384,-218.333211895203,3.49861850533358,14.3464929693474,-3.36782428807656,-6.81582695665192,-2.9410466167149
857.899437778131,-13.3001724888318,57.5654687079486,-187.866154154864,3.44069801505727,14.332099097123,-3.36782428807656,-6.81582695665192,-2.9410466167149
852.899437778131,-13.3836766750999,57.5698220067588,-157.876349300925,3.40367549121397,14.3233382149055,-3.36782428807656,-6.81582695665192,-2.9410466167149
847.899437778131,-13.467180861368,57.5741753055689,-126.814737464177,3.38754234699095,14.3202081568119,-3.36782428807656,-6.81582695665192,-2.9410466167149
842.899437778131,-13.5461499680333,57.5861375604997,-94.9775799411108,3.39228999557546,14.322706756959,-3.36782428807656,-6.81582695665192,-2.9410466167149
837.899437778131,-13.6240591500115,57.5998781569685,-51.2651377144325,3.41296136939073,14.3308598826639,-3.36782428807656,-6.81582695665192,-2.9410466167149
832.899437778131,-13.7019683319896,57.6136187534373,-31.0216062420062,3.44839810784972,14.3446734640692,-3.36782428807656,-6.81582695665192,-2.9410466167149
827.899437778131,-13.7785456468526,57.6292559984017,-75.465474021984,3.49859910221293,14.3641470410559,-3.36782428807656,-6.81582695665192,-2.9410466167149
822.899437778131,-13.8486981800472,57.6540424688011,-109.567981297198,3.56140384389943,14.3881089756159,-3.36782428807656,-6.81582695665192,-2.9410466167149
817.899437778131,-13.9188507132418,57.6788289392005,-138.667221251926,3.62639523395879,14.416982230911,-3.36782428807656,-6.81582695665192,-2.9410466167149
812.899437778131,-13.9890032464363,57.7036154095999,-163.588251547563,3.6935733910107,14.4449042947104,-3.36782428807656,-6.81582695665192,-2.9410466167149
807.899437778131,-14.0591557796309,57.7284018799992,-185.331050914878,3.76293843367487,14.4718751592264,-3.36782428807656,-6.81582695665192,-2.9410466167149
802.899437778131,-14.1265687571036,57.7553674352274,-205.070584698448,3.83449048057102,14.4978948166713,-3.36782428807656,-6.81582695665192,-2.9410466167149
797.899437778131,-14.1931824807916,57.7829687292299,-223.707323964202,3.9130086893842,14.5345520877028,-3.36782428807656,-6.81582695665192,-2.9410466167149
792.899437778131,-14.2597962044795,57.8105700232324,-241.031857409407,3.9790436667496,14.5643898000027,-3.36782428807656,-6.81582695665192,-2.9410466167149
787.899437778131,-14.3264099281675,57.8381713172349,-270.713274619346,4.03259557587518,14.5874081561236,-3.36782428807656,-6.81582695665192,-2.9410466167149
782.899437778131,-14.3930236518555,57.8657726112373,-310.305592862688,4.07366457996891,14.6036073586183,-3.36782428807656,-6.81582695665192,-2.9410466167149
777.899437778131,-14.4609474479434,57.8924651526657,-341.68026359902,4.10225084223875,14.6129876100394,-3.36782428807656,-6.81582695665192,-2.9410466167149
772.899437778131,-14.5295842154482,57.9186631301218,-375.395425255641,4.10319030881635,14.605523279814,-3.36782428807656,-6.81582695665192,-2.9410466167149
767.899437778131,-14.5982209829529,57.9448611075778,-411.711775235574,4.07856271284816,14.5803882399649,-3.36782428807656,-6.81582695665192,-2.9410466167149
762.899437778131,-14.6668577504576,57.9710590850338,-457.191288011653,4.02836002103463,14.5375757200506,-3.36782428807656,-6.81582695665192,-2.9410466167149
757.899437778131,-14.7354945179624,57.9972570624899,-497.279599898481,3.95257420007625,14.4770789496298,-3.36782428807656,-6.81582695665192,-2.9410466167149
752.899437778131,-14.8036289163625,58.023851566545,-519.377643898893,3.85119721667348,14.3988911582611,-3.36782428807656,-6.81582695665192,-2.9410466167149
747.899437778131,-14.8712089988196,58.0508835995279,-536.976797048206,3.56423867063756,14.1429236560158,-3.36782428807656,-6.81582695665192,-2.9410466167149
742.899437778131,-14.9387890812768,58.0779156325107,-553.332056741689,3.21760649744311,13.8427334716241,-3.36782428807656,-6.81582695665192,-2.9410466167149
737.899437778131,-15.0063691637339,58.1049476654936,-570.50469030342,2.81130089408211,13.4920603570558,-3.36782428807656,-6.81582695665192,-2.9410466167149
732.899437778131,-15.0739492461911,58.1319796984764,-589.103518734842,2.34532205754651,13.0909049507382,-3.36782428807656,-6.81582695665192,-2.9410466167149
727.899437778131,-15.1415293286482,58.1590117314593,-650.144516575295,1.8196701848283,12.6392678910991,-3.36782428807656,-6.81582695665192,-2.9410466167149
722.899437778131,-15.2099955720541,58.1853729462134,-739.973639209966,1.23434547291944,12.137149816566,-3.36782428807656,-6.81582695665192,-2.9410466167149
717.899437778131,-15.2785321693375,58.2116809035276,-834.534586660969,0.607293852349298,11.5760639643925,-3.36782428807656,-6.81582695665192,-2.9410466167149
712.899437778131,-15.3470687666209,58.2379888608417,-916.541921005291,0.0186422367985409,11.0489797909323,-3.36782428807656,-6.81582695665192,-2.9410466167149
707.899437778131,-15.4156053639043,58.2642968181559,-975.579414707202,-0.531608591098306,10.5558978296378,-3.36782428807656,-6.81582695665192,-2.9410466167149
702.899437778131,-15.4841419611876,58.2906047754701,-1024.2303263399,-1.04345784870671,10.0968186139614,-3.36782428807656,-6.81582695665192,-2.9410466167149
697.899437778131,-15.553255121492,58.3166480965113,-1067.55923103289,-1.51690475339215,9.66202341513358,-3.36782428807656,-6.81582695665192,-2.9410466167149
692.899437778131,-15.6225347939679,58.3426149902429,-1100.44017235708,-2.03793799307298,9.17534050058052,-3.36782428807656,-6.81582695665192,-2.9410466167149
687.899437778131,-15.6918144664439,58.3685818839745,-1115.69808850576,-2.49439332845021,8.74872003269948,-3.36782428807656,-6.81582695665192,-2.9410466167149
682.899437778131,-15.7610941389198,58.3945487777061,-1126.00414710208,-2.88627129809895,8.38216175932644,-3.36782428807656,-6.81582695665192,-2.9410466167149
677.899437778131,-15.8303738113958,58.4205156714377,-1134.875757611,-3.21357244059431,8.07566542829736,-3.36782428807656,-6.81582695665192,-2.9410466167149
672.899437778131,-15.8992758780074,58.4468508075397,-1142.94836755422,-3.4762972945114,7.82533084751001,-3.36782428807656,-6.81582695665192,-2.9410466167149
667.899437778131,-15.9681630667137,58.4732004526195,-1151.17961387451,-3.90877129855313,7.5660681336562,-3.36782428807656,-6.82665780824962,-2.9410466167149
662.899437778131,-16.0370502554201,58.4995500976993,-1159.66312662471,-4.26777505458315,7.37086968120643,-3.36782428807656,-6.82665780824962,-2.9410466167149
657.899437778131,-16.1059374441264,58.5258997427791,-1169.71245839005,-4.55330563553144,7.24123243182375,-3.36782428807656,-6.82665780824962,-2.9410466167149
652.899437778131,-16.1780052692332,58.5501943080769,-1182.03735289526,-4.76536011432796,7.17850642215901,-3.52060483576564,-6.82665780824962,-2.9410466167149
647.899437778131,-16.2512462919885,58.5737308443316,-1195.61655411219,-4.87904216294085,7.15832738067368,-3.67195087159034,-6.83108537388158,-2.9410466167149
642.899437778131,-16.3244873147437,58.5972673805863,-1201.91301759951,-4.87256042062749,7.17361890578544,-3.81797689310497,-6.82898858236379,-2.9410466167149
637.899437778131,-16.3966529162878,58.6217549042135,-1201.50614103615,-4.74592211060123,7.22437704734869,-3.96621877929573,-6.82297856488482,-2.9410466167149
632.899437778131,-16.466428443628,58.6483559535588,-1195.95714632412,-4.48334516087744,7.34704340776207,-4.05597855788667,-6.82297856488482,-2.9410466167149
627.899437778131,-16.5362039709681,58.674957002904,-1174.40718794166,-4.00733743024995,7.62348267665113,-4.06896821549529,-6.82297856488482,-2.9410466167149
622.899437778131,-16.6059794983083,58.7015580522493,-1157.00217867805,-3.31792248526777,8.05367729196662,-4.0025692770215,-6.82297856488482,-2.9410466167149
617.899437778131,-16.6728274248072,58.7300554875896,-1144.72671327228,-2.41512389247989,8.63619938700961,-3.86934067123649,-6.82297856488482,-2.9410466167149
612.899437778131,-16.7385381866855,58.7592895339563,-1134.57295820798,-1.57592899555093,9.17214730608345,-3.68297775580114,-6.82297856488482,-2.9410466167149
607.899437778131,-16.8042489485638,58.788523580323,-1127.12214241841,-0.907907247027132,9.57737987633573,-3.44348488471382,-6.82297856488482,-2.9410466167149
602.899437778131,-16.8699597104421,58.8177576266897,-1120.53932433985,-0.411041713568107,9.85956525362938,-3.14255296086605,-6.82297856488482,-2.9410466167149
597.899437778131,-16.9356793586002,58.8470464577595,-1113.71839808633,-0.0853154618334735,10.0154654169446,-2.85840917583051,-6.82297856488482,-2.9410466167149
592.899437778131,-17.0013997449993,58.8763398401498,-1098.98589325558,0.216234400947179,10.2549539141862,-2.61263326097191,-6.82297856488482,-2.9410466167149
587.899437778131,-17.0671201313983,58.9056332225401,-1028.19042351935,0.64234979520721,10.5886604467007,-2.41287794287353,-6.82297856488482,-2.9410466167149
582.899437778131,-17.1369180756015,58.9324337776473,-942.037819942472,1.19302140697372,11.0249477577125,-2.25588824564492,-6.82297856488482,-2.9410466167149
577.899437778131,-17.2091206903017,58.9577642301808,-849.389837296255,1.67037727292588,11.4006779094215,-2.20881376332279,-6.82297856488482,-2.9410466167149
572.899437778131,-17.2813233050019,58.9830946827143,-786.316275329007,1.95775132584043,11.6196626563984,-2.13334574702468,-6.82297856488482,-2.9410466167149
567.899437778131,-17.3535259197021,59.0084251352478,-782.494484171571,2.05517032879756,11.6819226951737,-2.03451269550894,-6.82297856488482,-2.9410466167149
562.899437778131,-17.4257252137559,59.0337590049128,-783.025571202532,1.96266104487746,11.5874787222775,-1.94670849141233,-6.82297856488482,-2.9410466167149
557.899437778131,-17.4975987302616,59.0594281179506,-785.855921617235,1.6801679344501,11.3362268213006,-1.89020738436784,-6.82297856488482,-2.9410466167149
552.899437778131,-17.5694722467673,59.0850972309883,-837.400483163527,1.19964452295854,10.9221472050715,-1.86499930767893,-6.82297856488482,-2.9410466167149
547.899437778131,-17.6413457632731,59.1107663440261,-958.069527496205,0.521119962876707,10.3466081388308,-1.87107419464904,-6.82297856488482,-2.9410466167149
542.899437778131,-17.7132192797788,59.1364354570639,-1155.82405102153,-0.355376593321455,9.6068872167337,-1.90821245792487,-6.82297856488482,-2.9410466167149
537.899437778131,-17.7848989493607,59.1622776909221,-1318.83211575814,-1.42981599316201,8.71292272017748,-1.96203458784191,-6.82297856488482,-2.9410466167149
532.899437778131,-17.8553920297926,59.1891796438784,-1455.87830496838,-2.78644640810064,7.66551392667552,-2.02754556519459,-6.82297856488482,-2.9410466167149
527.899437778131,-17.9258851102244,59.2160815968348,-1555.29510910816,-4.25230327766331,6.53407250756956,-2.10474174694723,-6.82297856488482,-2.9410466167149
522.899437778131,-17.9963781906563,59.2429835497911,-1627.73666907804,-5.82735732876612,5.31071679265603,-2.20354061335102,-6.82297856488482,-2.9410466167149
517.899437778131,-18.0669428192474,59.2698493705046,-1698.68132989658,-7.5115792883252,4.00362454103941,-2.39487293813224,-6.82297856488482,-2.9410466167149
512.899437778131,-18.1380044371636,59.2964642086755,-1744.15929188826,-9.47901889252872,2.61940201752589,-2.59654696191395,-6.93307724333418,-2.9410466167149
507.899437778131,-18.2090660550799,59.3230790468464,-1822.23511359738,-11.5747637294803,1.19799588787455,-2.82157665998211,-7.07803370953485,-2.9410466167149
502.899437778131,-18.2801276729961,59.3496938850173,-2022.62407447222,-13.7987840610108,-0.242719113092281,-3.05920941521611,-7.2638958966877,-2.9410466167149
497.899437778131,-18.3512068843457,59.3764016961216,-2271.09074160028,-16.1510501489513,-1.71592725048957,-3.41027869325993,-7.48542396922884,-2.9410466167149
492.899437778131,-18.4223162400125,59.4032688056156,-2480.74883675131,-18.7239867063405,-3.13132127079817,-3.81315765744608,-7.96568909437863,-2.9410466167149
487.899437778131,-18.4934255956794,59.4301359151096,-2640.43127809424,-21.0366276310597,-4.33927000169981,-4.27965134342184,-8.45124182174431,-2.9410466167149
482.899437778131,-18.5645349513462,59.4570030246037,-2706.68580019075,-23.0890143702044,-5.35706413446637,-4.80177929584028,-8.93463790305124,-2.9410466167149
477.899437778131,-18.635644307013,59.4838701340977,-2712.10647488778,-24.8811883708705,-6.17354209042229,-5.34904118206948,-9.415877439237,-2.9410466167149
472.899437778131,-18.7067536626799,59.5107372435917,-2712.49990064893,-26.4131910801536,-6.80205369176335,-5.85696434555974,-9.90144983613278,-2.9410466167149
467.899437778131,-18.7778874255709,59.5376116870346,-2711.48652868574,-27.6850639451495,-7.23560246355236,-6.31575534041999,-10.384591910905,-2.9410466167149
462.899437778131,-18.8491565510115,59.5645268045833,-2708.25666529609,-29.1110956087001,-7.50249566991,-6.73663518305919,-11.2117868995253,-2.98516213518669
457.899437778131,-18.9204256764522,59.591441922132,-2703.40363288131,-30.3364559795485,-7.74262961882768,-7.09982941369924,-11.9099080693296,-3.02296382051115
452.899437778131,-18.9916948018928,59.6183570396807,-2697.74606064558,-31.3611531498532,-7.95262486106272,-7.41915312635448,-12.4789582489425,-3.05445163401015
447.899437778131,-19.0629639273335,59.6452721572294,-2692.85129934671,-32.1851952117725,-8.13621595777918,-7.68710090069468,-12.9233501942073,-3.07521496105229
442.899437778131,-19.1342330527742,59.6721872747781,-2689.37378097984,-32.8085902574649,-8.29340374064807,-7.91799144941166,-13.2397633227288,-3.09077197828238
437.899437778131,-19.2055021782148,59.6991023923268,-2687.47400627276,-33.2313463790887,-8.42418904134042,-8.11182813658559,-13.4250935532113,-3.10112264913809
432.899437778131,-19.2767713036555,59.7260175098754,-2687.48424545843,-33.4534716688024,-8.52857269152724,-8.26861432629661,-13.4793437844977,-3.10626693705706
427.899437778131,-19.3482315710955,59.7529837068797,-2688.53581946915,-33.4749742187643,-8.60655552287957,-8.38616050935185,-13.4025169154306,-3.10620480547693
422.899437778131,-19.4198452179143,59.7799908919201,-2691.42952299243,-33.3984877129807,-8.68122308962685,-8.46757581200497,-13.2833128023016,-3.06295837150076
417.899437778131,-19.4914588647331,59.8069980769605,-2695.135174525,-33.3909502711445,-8.77109892459027,-8.5128635358276,-13.1954873215566,-3.02965598490991
412.899437778131,-19.563072511552,59.8340052620009,-2700.48785209749,-33.4523598420886,-8.8761821482249,-8.52202698239141,-13.139040152578,-3.00629748088357
407.899437778131,-19.6346861583708,59.8610124470413,-2705.44786168076,-33.5827143746461,-8.99647188098576,-8.52180827950281,-13.1139709747481,-2.99288269460093
402.899437778131,-19.7062998051897,59.8880196320817,-2710.0968728998,-33.7820118176498,-9.13039058408648,-8.53198160228385,-13.1202794674492,-2.98941146124115
397.899437778131,-19.7655157986642,59.9181849344218,-2712.6861658374,-34.0502501199329,-9.27934700782597,-8.55254640708175,-13.1579653100635,-2.99588361598343
392.899437778131,-19.8053225171351,59.9532944601131,-2711.92411543729,-34.3513773217674,-9.44567608999589,-8.58350215024368,-13.2049549757308,-2.9984850040086
387.899437778131,-19.8451292356059,59.9884039858044,-2710.4034982568,-34.6325730096552,-9.63741431688292,-8.62642464740509,-13.2251208568799,-2.97870329134682
382.899437778131,-19.8849359540768,60.0235135114957,-2706.86366968938,-34.8938377687104,-9.84797047291577,-8.67990431782195,-13.2194325391448,-2.93641954570272
377.899437778131,-19.9247426725476,60.058623037187,-2702.93229818523,-35.135172184047,-10.0766478839088,-8.7411269866343,-13.1887601614104,-2.86992023423048
372.899437778131,-19.9645493910185,60.0937325628783,-2699.32899973792,-35.3565768407791,-10.3261323810503,-8.80776246947168,-13.1351743917398,-2.77803594031173
367.899437778131,-20,60.1299240242303,-2693.81848658322,-35.5580523240206,-10.5926879802193,-8.881599499905,-13.0561166911135,-2.66243517801996
362.899437778131,-20,60.1749204245183,-2679.02905960414,-35.8131550828113,-10.8883373482522,-8.96417064857516,-12.9665731534461,-2.57833826980101
357.899437778131,-20,60.2199168248063,-2665.02509027007,-36.2169460097174,-11.2185774831438,-9.05188457128596,-12.9520815349083,-2.49969805406962
352.899437778131,-20,60.2649132250942,-2651.52596420336,-36.7694310562652,-11.5875697349234,-9.14936033483487,-13.0138192441425,-2.42533699499147
347.899437778131,-20,60.3099096253822,-2639.62147050932,-37.4706161739809,-11.989515123691,-9.2543193017787,-13.1481173525394,-2.35892745513015
342.899437778131,-20,60.3549060256702,-2627.52771206994,-38.3205073143907,-12.429696231581,-9.38935675225983,-13.3573831560605,-2.30147110005739
337.899437778131,-20,60.3999024259582,-2614.02973042987,-39.3191104290208,-12.9081178379341,-9.5503179651925,-13.6377875613141,-2.25397826190218
332.899437778131,-20,60.4448988262461,-2600.53060436316,-40.4814962262923,-13.4205988341267,-9.74300427700995,-13.9873039555334,-2.24414167555123
327.899437778131,-20,60.4898952265341,-2566.88184357077,-41.7608807840834,-13.9559389706195,-9.9587327694594,-14.4038967556824,-2.23593267333052
322.899437778131,-20,60.5348916268221,-2532.87764535139,-43.1572697448359,-14.5141391259894,-10.2003225395378,-14.8870649414757,-2.2298575272678
317.899437778131,-20,60.5798880271101,-2507.44651662824,-44.6706687509916,-15.0863139191935,-10.4742516728593,-15.4350917915754,-2.22763341864475
312.899437778131,-20,60.6248844273981,-2487.1386575019,-46.3010834449921,-15.6942557942364,-10.7727970636914,-16.0463456825835,-2.23089485402895
307.899437778131,-20,60.669880827686,-2439.68668429501,-48.0485194692791,-16.3249487594196,-11.095959523824,-16.7288297278119,-2.239132086487
302.899437778131,-20,60.714877227974,-2414.64439086745,-49.7134337795015,-16.9060834617568,-11.4526249524285,-17.3872955749417,-2.26010001359505
297.899437778131,-20,60.759873628262,-2406.2227197937,-51.2953100840514,-17.4473905857036,-11.8343698063244,-18.017296932712,-2.29803606511967
292.899437778131,-20,60.80487002855,-2388.78522856347,-52.7941459386815,-17.9410200488627,-12.2337074100838,-18.6268714922831,-2.35086972114112
287.899437778131,-20,60.8498664288379,-2364.05545986518,-54.2099388991444,-18.388324478163,-12.6129247725923,-19.2088114022513,-2.41932619648504
282.899437778131,-20,60.8948628291259,-2353.92497952961,-55.5426865211928,-18.7972296787638,-12.9619952342746,-19.7628216917647,-2.5086368497243
277.899437778131,-20,60.9398592294139,-2348.60850129653,-56.6717404300635,-19.12153654898,-13.282806344971,-20.2418518500854,-2.60827962475766
272.899437778131,-20,60.9848556297019,-2346,-57.4187204714788,-19.3027831426704,-13.580491055316,-20.5793134220323,-2.69324085214435
267.899437778131,-20,61.0298520299898,-2346,-57.7836152713457,-19.3427574204593,-13.8421936873456,-20.7780188777089,-2.75924974172119
262.899437778131,-20,61.0748484302778,-2347.4909743435,-57.7664134555717,-19.2378814016707,-14.0531825217546,-20.8407258763315,-2.80630519230642
257.899437778131,-20,61.1198448305658,-2349,-57.3671036500638,-18.9899430469292,-14.1879092580267,-20.7674856097037,-2.83435186367606
252.899437778131,-20,61.1648412308538,-2349,-56.5856744807295,-18.5933107134113,-14.2478235827509,-20.5593274272236,-2.84235582629923
247.899437778131,-20,61.2098376311418,-2348.4097789018,-55.6194167347907,-18.1788342376133,-14.2301610643767,-20.2690741308114,-2.79816484137826
242.899437778131,-20,61.2548340314297,-2343.12986106538,-54.5176687273418,-17.7564818673045,-14.1349175610119,-19.9084571511399,-2.71350853192955
237.899437778131,-20,61.2998304317177,-2329.07089932583,-53.2804158263506,-17.3255387033128,-13.9677162655004,-19.4818922582005,-2.58790179962154
232.899437778131,-20,61.3448268320057,-2264.51516308884,-51.9076433997848,-16.8852542045103,-13.7680088244982,-18.9891308310692,-2.41811797064862
227.899437778131,-20,61.3898232322937,-2201.00727519227,-50.399336815612,-16.4348466254868,-13.5507870687783,-18.4332557923756,-2.20106655480595
222.899437778131,-20,61.4348196325816,-2231.91088172042,-49.2447078822468,-15.9945924387685,-13.3128266595095,-18.0054656472889,-2.20106655480595
217.899437778131,-20,61.4798160328696,-2221.47739554956,-48.1324642942473,-15.6207982700218,-13.0583392091647,-17.5234306553951,-2.20106655480595
212.899437778131,-20,61.5248124331576,-2173.02787080563,-47.0626096375629,-15.3062941128283,-12.7881027523736,-16.9921958651303,-2.20106655480595
207.899437778131,-20,61.5698088334456,-2080.17109120592,-46.0351474981429,-15.0499165209048,-12.5148354955946,-16.4079357585296,-2.20106655480595
202.899437778131,-20,61.6148052337335,-2042.45055127168,-45.0500814619365,-14.852467241607,-12.2757268634732,-15.7856430293153,-2.20106655480595
197.899437778131,-20,61.6598016340215,-2001.59175262463,-44.107415114893,-14.715153312225,-12.0657314794191,-15.1155034400675,-2.20106655480595
192.899437778131,-20,61.7047980343095,-1937.51614246814,-43.1250997443626,-14.5236318615759,-11.8934279564065,-14.473331761873,-2.20106655480595
187.899437778131,-20,61.7497944345975,-1866.34535514594,-42.0755335103789,-14.249935784565,-11.7489599601545,-13.9315108864709,-2.1441476301536
182.899437778131,-20,61.7947908348854,-1809.18756229309,-40.958701435493,-13.894053938302,-11.6323310489027,-13.4866394836883,-2.04500635449654
177.899437778131,-20,61.8397872351734,-1809.38731631433,-39.7745885422558,-13.4489696347594,-11.5034162531255,-13.1099422617579,-1.9324356934537
172.899437778131,-19.9972561561345,61.8846365118892,-1808.42736121597,-38.5231798532186,-12.9115204818135,-11.3431564070358,-12.7851870659307,-1.8181241114748
167.899437778131,-19.9846368085118,61.9289562689013,-1787.74694088256,-37.2127012454784,-12.3085326107196,-11.1515455011184,-12.4833570707548,-1.70992505735262
162.899437778131,-19.9720174608892,61.9732760259133,-1807.74548759204,-35.8232691740728,-11.7102589558144,-10.9285775258579,-12.1273173686744,-1.59367786768149
157.899437778131,-19.9593981132665,62.0175957829254,-1879.27125693592,-34.3548730451846,-11.0973144437096,-10.6873124586879,-11.7311766458832,-1.46192174881944
152.899437778131,-19.9467787656439,62.0619155399375,-1834.91526671309,-32.8075022649967,-10.4890137981989,-10.418072692034,-11.2902474297149,-1.31349219828827
147.899437778131,-19.9341594180212,62.1062352969496,-1818.15647001353,-31.1811462396918,-9.88535733622328,-10.1274216227317,-10.8057430415266,-1.14716616810274
142.899437778131,-19.9215400703985,62.1505550539617,-1812.55168147479,-29.4757943754526,-9.27628587869587,-9.81835610454793,-10.2880173211347,-0.961660728194142
137.899437778131,-19.9030290748523,62.194568093595,-1810.18177015291,-27.691436078462,-8.67170168158453,-9.48719413315215,-9.72020800152025,-0.765569204306885
132.899437778131,-19.8812073256835,62.2384087764129,-1810,-25.9602896826741,-8.0580326941459,-9.13393208144868,-9.12129176010752,-0.680787298922413
127.899437778131,-19.8593855765148,62.2822494592308,-1811,-24.154807547624,-7.42765206374295,-8.75954439866624,-8.48603504876501,-0.589861023490454
122.899437778131,-19.8375638273461,62.3260901420487,-1812.42196244303,-22.2749882077343,-6.78055972553222,-8.36238431064658,-7.81443625681133,-0.492790182363687
117.899437778131,-19.8157420781774,62.3699308248666,-1813,-20.3208301974273,-6.11675561467023,-7.94771502226053,-7.10649377356508,-0.389574579894793
112.899437778131,-19.7939203290086,62.4137715076845,-1813.36474004861,-18.2923320511255,-5.43623966631351,-7.51849550866469,-6.36328998093705,-0.266598576773167
107.899437778131,-19.7720985798399,62.4576121905024,-1814.96381095926,-16.1894923032512,-4.73901181561859,-7.07472568659854,-5.58397380839771,-0.13674046132376
102.899437778131,-19.7502947139638,62.5014554312549,-1828.04778422921,-14.0123094882269,-4.025071997742,-6.61640547280151,-4.76854366426706,0
97.8994377781314,-19.7290125959868,62.5453733001545,-1830.29923050186,-12.18542107281,-3.29597205809432,-6.15606583278439,-4.19544422712442,0
92.8994377781314,-19.7077304780097,62.5892911690542,-1819.12675571575,-10.3983885558078,-2.60915004212476,-5.6816780694165,-3.60905741358597,0
87.8994377781314,-19.6864483600326,62.6332090379538,-1798.78082511317,-8.65121197753739,-1.95205958049648,-5.19324210913512,-3.02335899463564,0
82.8994377781314,-19.6651662420556,62.6771269068535,-1750.29396113839,-6.94389137831552,-1.31546182989769,-4.69149174266021,-2.42474370424161,0
77.8994377781314,-19.6438841240785,62.7210447757531,-1711.960725291,-5.2764267984591,-0.720172375695604,-4.19954567832575,-1.82692572955412,0
72.8994377781314,-19.6226020061015,62.7649626446528,-1690.19950911674,-3.648818278285,-0.154848076978877,-3.71597473528056,-1.21657817429191,0
67.8994377781314,-19.6176263159106,62.8072696097353,-1627.86906228998,-2.06106585811011,0.37041281158249,-3.25438467063344,-0.593989166546645,0
62.8994377781314,-19.6387684734458,62.8469964057489,-1613.19744220829,-1.10223165815274,0.813212732589495,-2.79010787433127,-0.51558360980792,0
57.8994377781314,-19.6599106309809,62.8867232017625,-1464.96582268026,-0.327719179979429,1.1068980245664,-2.3478175958381,-0.42757670699077,0
52.8994377781314,-19.6810527885161,62.9264499977762,-1427.59685141923,0.262493126610335,1.2496271739555,-1.91712445626892,-0.330993228297457,0
47.8994377781314,-19.7021949460512,62.9661767937898,-1414.87197569341,0.668426811817083,1.24929411522613,-1.49498060269651,-0.226854670794544,0
42.8994377781314,-19.7233371035864,63.0059035898035,-1378.53963271095,0.890103425841343,1.11433794328948,-1.11134526933286,-0.116181802446987,0
37.8994377781314,-19.765268054794,63.0434082333012,-1170.21816282927,0.927544518883642,0.851982570657648,-0.76332725070815,0,0
32.8994377781314,-19.8264420456122,63.0788559527869,-1142.87388043271,0.615093106622817,0.564004316924889,-0.457777165848477,0,0
27.8994377781314,-19.8876160364304,63.1143036722726,-1039.21253281991,0.368218187756604,0.337030616935513,-0.202090775501132,0,0
22.8994377781314,-19.9487900272486,63.1497513917584,-834.543305110573,0.186904060651214,0.166563916775403,-0.0024529826858081,0,0
17.8994377781314,-20.009282493279,63.1854430727871,-728.883164148527,0.0711350236728568,0.0515428702695438,-0.00835494415078798,0,0
12.8994377781314,-20.0681984928542,63.2216990725256,-485.153740823929,0.0334474876043345,0.0221227747086026,-0.0123305538167712,0,0
7.89943777813141,-20.1271144924293,63.2579550722642,-162.939500232894,0.00730460428713564,0.00464220734516783,-0.00989497615213042,0,0
