Refdist,Lon,Lat,Water_depth,Total,Upper_water,Permanent_pycnocline,Labrador_sea_water_level,Overflow_water
1302.89943777813,-6.208,56.675,-15.381060195979,NaN,NaN,NaN,NaN,NaN
1297.89943777813,-6.28518755775411,56.6885243156749,-22.5243973623362,NaN,NaN,NaN,NaN,NaN
1292.89943777813,-6.35984627240515,56.7059330156902,-41.1633980048146,NaN,NaN,NaN,NaN,NaN
1287.89943777813,-6.43379938921198,56.7232145267395,-21.6882899736771,NaN,NaN,NaN,NaN,NaN
1282.89943777813,-6.51190206270632,56.7315946419213,-35.983620630592,NaN,NaN,NaN,NaN,NaN
1277.89943777813,-6.59327276804972,56.733,-43.3286917147893,NaN,NaN,NaN,NaN,NaN
1272.89943777813,-6.67530195581663,56.733,-38.7762595864474,NaN,NaN,NaN,NaN,NaN
1267.89943777813,-6.75733114358354,56.733,-25.6288069209906,NaN,NaN,NaN,NaN,NaN
1262.89943777813,-6.83936033135044,56.733,-78.9653886422808,NaN,NaN,NaN,NaN,NaN
1257.89943777813,-6.92138951911735,56.733,-96.9621984733552,NaN,NaN,NaN,NaN,NaN
1252.89943777813,-7.00341870688426,56.733,-127.589980321091,NaN,NaN,NaN,NaN,NaN
1247.89943777813,-7.08544789465116,56.733,-183.294603843169,NaN,NaN,NaN,NaN,NaN
1242.89943777813,-7.16747708241807,56.733,-190.235179303556,NaN,NaN,NaN,NaN,NaN
1237.89943777813,-7.24950627018498,56.733,-102.976605837331,NaN,NaN,NaN,NaN,NaN
1232.89943777813,-7.33153545795189,56.733,-98.2650114738381,0.113400409083756,NaN,NaN,NaN,NaN
1227.89943777813,-7.41356464571879,56.733,-145.097654991021,0.0432553910750542,0.0454868208594683,NaN,NaN,NaN
1222.89943777813,-7.4955938334857,56.733,-164.821481373081,NaN,NaN,NaN,NaN,NaN
1217.89943777813,-7.57762302125261,56.733,-52.8104717984553,NaN,NaN,NaN,NaN,NaN
1212.89943777813,-7.65828464007842,56.7386144624683,-25.5732169026043,NaN,NaN,NaN,NaN,NaN
1207.89943777813,-7.73884071799207,56.7446622160655,-33.3304520189541,NaN,NaN,NaN,NaN,NaN
1202.89943777813,-7.81820078327276,56.7557403578488,-37.0920495820681,NaN,NaN,NaN,NaN,NaN
1197.89943777813,-7.89736852494423,56.7676274061478,-48.5019608249751,NaN,NaN,NaN,NaN,NaN
1192.89943777813,-7.97658598308737,56.7794949076478,-86.7598909536867,NaN,NaN,NaN,NaN,NaN
1187.89943777813,-8.05581928414498,56.7913561802612,-103.566044117718,NaN,NaN,NaN,NaN,NaN
1182.89943777813,-8.13476598158229,56.8038134024188,-113.066293803353,-0.0377426324258761,NaN,NaN,NaN,NaN
1177.89943777813,-8.21355878967834,56.8165906145424,-118.627102477198,0.0122356649498256,NaN,NaN,NaN,NaN
1172.89943777813,-8.29076095090814,56.8316803943487,-127.203270701179,-0.00779375552627077,NaN,NaN,NaN,NaN
1167.89943777813,-8.36659444837915,56.8487600108962,-129.859741171384,-0.0561158870727647,NaN,NaN,NaN,NaN
1162.89943777813,-8.44208284072306,56.8664241355593,-127.460580085503,-0.0696494300196597,-0.0281423893277375,NaN,NaN,NaN
1157.89943777813,-8.51690698215271,56.8852133088517,-124.111066869115,-0.0357874553930689,-0.0139022730038313,NaN,NaN,NaN
1152.89943777813,-8.59173112358236,56.904002482144,-122.617093092909,-0.00144307982125461,0.000510510611387939,NaN,NaN,NaN
1147.89943777813,-8.66688429904791,56.9224399259772,-121,0.0325272975036462,0.0139208789556711,NaN,NaN,NaN
1142.89943777813,-8.74269105587698,56.9401787070752,-120,0.0652073817057054,0.0251908545602383,NaN,NaN,NaN
1137.89943777813,-8.81849781270604,56.9579174881732,-122.269726982986,0.0982626496991391,0.0366650839159261,NaN,NaN,NaN
1132.89943777813,-8.89431497290455,56.9756486112683,-135.273026659945,0.135279556887949,0.0497695151036631,NaN,NaN,NaN
1127.89943777813,-8.97040292999917,56.9931803986173,-173.783570522701,0.267162746058105,0.0753893643361156,NaN,NaN,NaN
1122.89943777813,-9.04649088709379,57.0107121859663,-228.345535167112,0.401613471745205,0.11400806963395,NaN,NaN,NaN
1117.89943777813,-9.12253139411061,57.0283197304678,-316.129745448914,0.620453085069568,NaN,NaN,NaN,NaN
1112.89943777813,-9.19836291115698,57.0462609411255,-425.495887962062,0.634567119491769,0.102142001098026,NaN,NaN,NaN
1107.89943777813,-9.27413544876553,57.0642838621914,-754.174954613597,1.66821659466731,1.13413383357693,NaN,NaN,NaN
1102.89943777813,-9.34934530414288,57.0830863260357,-933.603529605289,1.32459666164072,0.897873867261356,NaN,NaN,NaN
1097.89943777813,-9.42657860076367,57.0991668278258,-1265.18062696593,1.73364598707654,1.37865071233062,NaN,NaN,NaN
1092.89943777813,-9.50443257570478,57.1144123842764,-1639.60803990747,1.50645933212697,1.19090015481325,NaN,NaN,NaN
1087.89943777813,-9.58211174227366,57.1299610769706,-1813.58438652219,1.03704611686901,1.04579970728219,-0.0454144846095634,-0.0253037168641472,NaN
1082.89943777813,-9.65939356504216,57.1461988059251,-1904.21694812979,0.822296960683128,0.89205472364599,-0.0704088053751615,-0.0231978131518006,NaN
1077.89943777813,-9.73667538781066,57.1624365348796,-1956.40110784953,0.608765097781305,0.720078723207095,-0.0978057508852434,-0.0210793444454117,NaN
1072.89943777813,-9.81395721057917,57.1786742638342,-1993.02320936738,0.396450525209425,0.546275884316898,-0.123840901039493,-0.0189483107697987,NaN
1067.89943777813,-9.89117939143122,57.1950533070493,-2034.62595188889,0.237968285220193,0.348235899826761,-0.140980458749651,0.0367232483947661,NaN
1062.89943777813,-9.96817737735319,57.2119635528594,-2079.62443374358,0.00727903660697643,0.055612898505544,-0.126227995608035,0.0420654303096682,NaN
1057.89943777813,-10.0451753632752,57.2288737986695,-2119.64794395463,-0.223440047171788,-0.236229289748983,-0.109498394027345,0.0459237369476841,NaN
1052.89943777813,-10.1221733491971,57.2457840444796,-2182.96694658848,-0.45418896623462,-0.52729066278479,-0.0926974218163583,0.0497965866601022,NaN
1047.89943777813,-10.1991713351191,57.2626942902897,-2203.49317438047,-0.684967720700043,-0.817571218449849,-0.0758250792167662,0.0536839794302084,NaN
1042.89943777813,-10.2763600470941,57.2795003992068,-2205.91053451933,-1.0780723014068,-1.14980347481058,-0.135229732972896,-0.00324372301159176,NaN
1037.89943777813,-10.3536041481333,57.2962762655589,-2206.32926828121,-1.64127022525812,-1.49521935873266,-0.217329975865504,-0.119303655771223,NaN
1032.89943777813,-10.4308482491725,57.313052131911,-2210.28984532107,-2.20626380688119,-1.81516625563083,-0.300028731636487,-0.235688965450576,NaN
1027.89943777813,-10.5080923502118,57.3298279982632,-2233.46427841181,-2.7730530419057,-2.17414622233209,-0.367040466115463,-0.35239965189571,NaN
1022.89943777813,-10.5857477683059,57.3460511917987,-2254.23712039791,-2.21968879315035,-1.92669814919245,NaN,NaN,NaN
1017.89943777813,-10.6635184468201,57.3621195138058,-2217.91750731081,-2.23006200211601,-1.9752372050717,NaN,NaN,NaN
1012.89943777813,-10.7412891253343,57.3781878358129,-1452.26900886761,-2.2404308075558,-1.99289973461051,NaN,NaN,NaN
1007.89943777813,-10.8193556050734,57.3939459500507,-872.154692014844,-1.44596191090233,-1.20994540115768,NaN,NaN,NaN
1002.89943777813,-10.8975681727279,57.4095508613856,-718.48924325501,-1.18684580253663,-0.994913488522773,NaN,NaN,NaN
997.899437778131,-10.9757970174599,57.425118667044,-672.93026987602,-0.924621325381179,-0.777231008538785,NaN,NaN,NaN
992.899437778131,-11.0556401809567,57.4370064269424,-618.255648149543,-0.269389922561739,-0.231570094822451,NaN,NaN,NaN
987.899437778131,-11.1354833444535,57.4488941868409,-616.775376338341,0.384568446963464,0.31315433341158,NaN,NaN,NaN
982.899437778131,-11.2159135300188,57.4596669922014,-674.334044451419,0.976748867546428,0.808858319958367,NaN,NaN,NaN
977.899437778131,-11.2988147742697,57.4657464167798,-784.169614226904,1.31456754338146,1.08008988429626,NaN,NaN,NaN
972.899437778131,-11.3817160185205,57.4718258413582,-1352.36434206744,1.6538072450811,1.36838735204689,NaN,NaN,NaN
967.899437778131,-11.4648160008655,57.4768675422545,-2022.08347532709,2.62527527819592,2.27867229043565,NaN,NaN,NaN
962.899437778131,-11.5481331152228,57.4807754744476,-1950.28299113356,2.82674871952113,2.42221589102202,NaN,NaN,NaN
957.899437778131,-11.6314502295801,57.4846834066407,-1888.53818752305,3.02801051017329,2.56561776792059,NaN,NaN,NaN
952.899437778131,-11.7148330221721,57.4883135642319,-1877.63434943631,3.46307612324447,3.08096498689372,0.501606698372868,0.0685302989848146,NaN
947.899437778131,-11.79838532113,57.4912268243072,-1860.60567138374,3.48694183166738,2.94715022089009,0.526884753904373,0.141146220349758,NaN
942.899437778131,-11.8819376200878,57.4941400843824,-1842.39025290012,3.51030698165465,2.79074849280429,0.57284789945893,0.214843708411129,NaN
937.899437778131,-11.9654899190457,57.4970533444577,-1829.08326929421,3.53317156836511,2.65927449607394,0.592201503695644,0.289493428628765,NaN
932.899437778131,-12.0490422180036,57.4999666045329,-1818.12297351628,3.55553558695756,2.5291727419505,0.608648574092263,0.364946777622928,NaN
927.899437778131,-12.1323951277694,57.5043144319777,-1809.32139088409,2.71879595435679,1.95076202190639,0.4691157871287,0.209026518603657,NaN
922.899437778131,-12.2157457253796,57.5086788949432,-1804.98498644987,1.86242688227726,1.41933732837995,0.301288602563152,0.118575801377873,NaN
917.899437778131,-12.2990963229897,57.5130433579088,-1804.21738658374,1.010374509425,0.85667341213002,0.140329125312512,0.0227723721978492,NaN
912.899437778131,-12.3824469205999,57.5174078208743,-1803.77757404981,0.162638861335184,0.295795218974488,-0.0143912295013786,-0.0769255695095745,NaN
907.899437778131,-12.4657960135128,57.5218388402908,-1789.9610341631,-0.329799061918699,-0.230320372020525,-0.103833123799015,NaN,NaN
902.899437778131,-12.5491414493857,57.5264316195772,-1701.31598046234,-0.945163588416667,-0.699948610420787,-0.193196808319361,NaN,NaN
897.899437778131,-12.6324868852585,57.5310243988635,-1598.95322515794,-1.55929219317252,-1.17050080193656,-0.28218569174458,NaN,NaN
892.899437778131,-12.7158323211313,57.5356171781499,-1326.64379980875,-2.1721848736481,-1.65374067944338,-0.356468130932829,NaN,NaN
887.899437778131,-12.7992764126463,57.5397825586239,-1049.31026908954,-0.545593931412883,-0.422602356347759,NaN,NaN,NaN
882.899437778131,-12.8827890480419,57.5436509913262,-613.885212113968,-0.257496473477806,-0.238878454324549,NaN,NaN,NaN
877.899437778131,-12.9662783009834,57.547758492542,-360.411501150482,0.0842103735948166,0.0282514519865087,NaN,NaN,NaN
872.899437778131,-13.0497314049721,57.5522355903955,-271.160595017249,0.137672404872343,0.0549204238017793,NaN,NaN,NaN
867.899437778131,-13.1331845089609,57.556712688249,-246.058675934195,0.189840965932873,0.0737059584487808,NaN,NaN,NaN
862.899437778131,-13.2166683025637,57.5611154091384,-218.333211895203,0.14155731457305,0.0326000213992288,NaN,NaN,NaN
857.899437778131,-13.3001724888318,57.5654687079486,-187.866154154864,0.0901442406073507,0.0198078001142687,NaN,NaN,NaN
852.899437778131,-13.3836766750999,57.5698220067588,-157.876349300925,0.0391341631031155,0.00706459666847132,NaN,NaN,NaN
847.899437778131,-13.467180861368,57.5741753055689,-126.814737464177,-0.0114729159357122,-0.00562958926584814,NaN,NaN,NaN
842.899437778131,-13.5461499680333,57.5861375604997,-94.9775799411108,-0.0498498672888016,-0.0183484770666539,NaN,NaN,NaN
837.899437778131,-13.6240591500115,57.5998781569685,-51.2651377144325,-0.0853141105502672,-0.0310553581768773,NaN,NaN,NaN
832.899437778131,-13.7019683319896,57.6136187534373,-31.0216062420062,-0.120656472365129,-0.0437350728802269,NaN,NaN,NaN
827.899437778131,-13.7785456468526,57.6292559984017,-75.465474021984,-0.150676449015337,-0.0537156954446595,NaN,NaN,NaN
822.899437778131,-13.8486981800472,57.6540424688011,-109.567981297198,-0.155544566605414,-0.0648457542376402,NaN,NaN,NaN
817.899437778131,-13.9188507132418,57.6788289392005,-138.667221251926,-0.160387554123501,-0.0623524150574804,NaN,NaN,NaN
812.899437778131,-13.9890032464363,57.7036154095999,-163.588251547563,-0.165205411209406,-0.0598833835325813,NaN,NaN,NaN
807.899437778131,-14.0591557796309,57.7284018799992,-185.331050914878,-0.169998137502936,-0.057438660348174,NaN,NaN,NaN
802.899437778131,-14.1265687571036,57.7553674352274,-205.070584698448,-0.18176879369746,-0.0799033955558069,NaN,NaN,NaN
797.899437778131,-14.1931824807916,57.7829687292299,-223.707323964202,-0.153242876519926,-0.0652742353142974,NaN,NaN,NaN
792.899437778131,-14.2597962044795,57.8105700232324,-241.031857409407,-0.124576457938572,-0.0505377736385233,NaN,NaN,NaN
787.899437778131,-14.3264099281675,57.8381713172349,-270.713274619346,-0.0957695396735301,-0.0356940124256446,NaN,NaN,NaN
782.899437778131,-14.3930236518555,57.8657726112373,-310.305592862688,-0.0668221234449319,-0.020742953572821,NaN,NaN,NaN
777.899437778131,-14.4609474479434,57.8924651526657,-341.68026359902,-0.00210831831009213,0.0160930696417298,NaN,NaN,NaN
772.899437778131,-14.5295842154482,57.9186631301218,-375.395425255641,0.0555789689199068,0.0545917496925149,NaN,NaN,NaN
767.899437778131,-14.5982209829529,57.9448611075778,-411.711775235574,0.113929120858661,0.0936683708099271,NaN,NaN,NaN
762.899437778131,-14.6668577504576,57.9710590850338,-457.191288011653,0.172942128017457,0.133322922242722,NaN,NaN,NaN
757.899437778131,-14.7354945179624,57.9972570624899,-497.279599898481,0.232617980907582,0.173555393239654,NaN,NaN,NaN
752.899437778131,-14.8036289163625,58.023851566545,-519.377643898893,0.635930869816319,0.556481970643808,NaN,NaN,NaN
747.899437778131,-14.8712089988196,58.0508835995279,-536.976797048206,0.768769561842447,0.651787934855275,NaN,NaN,NaN
742.899437778131,-14.9387890812768,58.0779156325107,-553.332056741689,0.901812865810352,0.762004252269492,NaN,NaN,NaN
737.899437778131,-15.0063691637339,58.1049476654936,-570.50469030342,1.03506078090696,0.872393453445859,NaN,NaN,NaN
732.899437778131,-15.0739492461911,58.1319796984764,-589.103518734842,1.1685133063192,0.982955537650015,NaN,NaN,NaN
727.899437778131,-15.1415293286482,58.1590117314593,-650.144516575295,1.302170441234,1.0936905041476,NaN,NaN,NaN
722.899437778131,-15.2099955720541,58.1853729462134,-739.973639209966,1.36418498553365,1.20089201433077,NaN,NaN,NaN
717.899437778131,-15.2785321693375,58.2116809035276,-834.534586660969,1.27836620028783,1.12716337355054,NaN,NaN,NaN
712.899437778131,-15.3470687666209,58.2379888608417,-916.541921005291,1.19284288601531,1.0535567970538,NaN,NaN,NaN
707.899437778131,-15.4156053639043,58.2642968181559,-975.579414707202,1.10761504553122,0.980072285412867,NaN,NaN,NaN
702.899437778131,-15.4841419611876,58.2906047754701,-1024.2303263399,1.02268268165066,0.928962920351744,NaN,NaN,NaN
697.899437778131,-15.553255121492,58.3166480965113,-1067.55923103289,1.11044576967409,1.02721963530974,NaN,NaN,NaN
692.899437778131,-15.6225347939679,58.3426149902429,-1100.44017235708,0.972963367736963,0.900731524692845,NaN,NaN,NaN
687.899437778131,-15.6918144664439,58.3685818839745,-1115.69808850576,0.835440103962813,0.77416426743395,NaN,NaN,NaN
682.899437778131,-15.7610941389198,58.3945487777061,-1126.00414710208,0.69787597838661,0.647517863648708,NaN,NaN,NaN
677.899437778131,-15.8303738113958,58.4205156714377,-1134.875757611,0.560270991043327,0.529892786603796,NaN,NaN,NaN
672.899437778131,-15.8992758780074,58.4468508075397,-1142.94836755422,0.817143227180122,0.533634827104971,0.228310676165112,0.0126993487011216,NaN
667.899437778131,-15.9681630667137,58.4732004526195,-1151.17961387451,0.679348505178252,0.400735977479572,0.225626223029711,NaN,NaN
662.899437778131,-16.0370502554201,58.4995500976993,-1159.66312662471,0.541128863490651,0.265490964338648,0.218506533230793,NaN,NaN
657.899437778131,-16.1059374441264,58.5258997427791,-1169.71245839005,0.402484302995073,0.128161564325189,0.221267864474075,NaN,NaN
652.899437778131,-16.1780052692332,58.5501943080769,-1182.03735289526,0.213708485013969,0.0411171944495048,0.133807059920011,0.00519743588882419,NaN
647.899437778131,-16.2512462919885,58.5737308443316,-1195.61655411219,-0.0121829193948357,-0.0311240279703037,0.0194113371212219,-0.0024743962750157,NaN
642.899437778131,-16.3244873147437,58.5972673805863,-1201.91301759951,-0.237987658089936,-0.103198214053299,-0.0988559883279667,-0.00707578763652601,NaN
637.899437778131,-16.3966529162878,58.6217549042135,-1201.50614103615,-0.497810196292759,-0.248670488908842,-0.199689441273224,NaN,NaN
632.899437778131,-16.466428443628,58.6483559535588,-1195.95714632412,-0.90047966459172,-0.559478029169734,-0.278321809987461,NaN,NaN
627.899437778131,-16.5362039709681,58.674957002904,-1174.40718794166,-1.30134106466742,-0.869223660209011,-0.356372865707437,NaN,NaN
622.899437778131,-16.6059794983083,58.7015580522493,-1157.00217867805,-1.70039439034504,-1.17890612968671,-0.448766560936792,NaN,NaN
617.899437778131,-16.6728274248072,58.7300554875896,-1144.72671327228,-1.57751353746471,-1.0833014186788,-0.421978336213964,NaN,NaN
612.899437778131,-16.7385381866855,58.7592895339563,-1134.57295820798,-1.25340542070447,-0.819581823107863,-0.365476497267255,NaN,NaN
607.899437778131,-16.8042489485638,58.788523580323,-1127.12214241841,-0.930526941917716,-0.570127413609225,-0.295733713965201,NaN,NaN
602.899437778131,-16.8699597104421,58.8177576266897,-1120.53932433985,-0.60887810425925,-0.315195265962487,-0.232675131716884,NaN,NaN
597.899437778131,-16.9356793586002,58.8470464577595,-1113.71839808633,-0.604339931739122,-0.483288907749113,-0.0796108635424642,NaN,NaN
592.899437778131,-17.0013997449993,58.8763398401498,-1098.98589325558,-0.854198780579136,-0.67319321411833,-0.127625749948084,NaN,NaN
587.899437778131,-17.0671201313983,58.9056332225401,-1028.19042351935,-1.10416495326885,-0.879793457693052,-0.166384565566903,NaN,NaN
582.899437778131,-17.1369180756015,58.9324337776473,-942.037819942472,-0.956580954319542,-0.757257471749556,-0.147076091779419,NaN,NaN
577.899437778131,-17.2091206903017,58.9577642301808,-849.389837296255,-0.575235574193107,-0.441059431599384,-0.0941376192814442,NaN,NaN
572.899437778131,-17.2813233050019,58.9830946827143,-786.316275329007,-0.194787004753605,-0.125316466174371,-0.0417745928215336,NaN,NaN
567.899437778131,-17.3535259197021,59.0084251352478,-782.494484171571,0.184764755381976,0.189971425845809,0.0100129859320869,NaN,NaN
562.899437778131,-17.4257252137559,59.0337590049128,-783.025571202532,0.563583329895528,0.505052477315038,0.0608821106958161,NaN,NaN
557.899437778131,-17.4975987302616,59.0594281179506,-785.855921617235,0.957496503292113,0.833115592386769,0.0882660164654557,NaN,NaN
552.899437778131,-17.5694722467673,59.0850972309883,-837.400483163527,1.35039202592695,1.15462421432942,0.106910198556499,NaN,NaN
547.899437778131,-17.6413457632731,59.1107663440261,-958.069527496205,1.74226989949958,1.48239417059109,0.125360912415443,NaN,NaN
542.899437778131,-17.7132192797788,59.1364354570639,-1155.82405102153,2.13313012570957,1.79342787459275,0.160382680314282,NaN,NaN
537.899437778131,-17.7848989493607,59.1622776909221,-1318.83211575814,2.63550749283324,2.09765658399493,0.296332863910704,NaN,NaN
532.899437778131,-17.8553920297926,59.1891796438784,-1455.87830496838,2.82866565316198,2.25746820921532,0.309755317687355,NaN,NaN
527.899437778131,-17.9258851102244,59.2160815968348,-1555.29510910816,3.01892537203534,2.4420166276027,0.344482267837468,NaN,NaN
522.899437778131,-17.9963781906563,59.2429835497911,-1627.73666907804,3.20628661115228,2.59975523095427,0.360722761072025,NaN,NaN
517.899437778131,-18.0669428192474,59.2698493705046,-1698.68132989658,3.09823682387894,2.74315571514085,0.486227031754779,0.106357670285082,NaN
512.899437778131,-18.1380044371636,59.2964642086755,-1744.15929188826,3.2772320962645,2.80447079563119,0.554761609437521,0.139511457274364,NaN
507.899437778131,-18.2090660550799,59.3230790468464,-1822.23511359738,3.45335253617752,2.83661308083192,0.64465089377109,0.178881498995114,NaN
502.899437778131,-18.2801276729961,59.3496938850173,-2022.62407447222,3.62659811493675,2.88819813573217,0.716976818416252,0.212393819203876,NaN
497.899437778131,-18.3512068843457,59.3764016961216,-2271.09074160028,3.61163497224944,2.76540633401595,0.748048163230827,0.429043639780052,NaN
492.899437778131,-18.4223162400125,59.4032688056156,-2480.74883675131,3.23407958145037,2.35533764659393,0.696334381337032,0.434875595133414,NaN
487.899437778131,-18.4934255956794,59.4301359151096,-2640.43127809424,2.85932154082886,1.97602513921173,0.624970358008261,0.432734991401652,NaN
482.899437778131,-18.5645349513462,59.4570030246037,-2706.68580019075,2.48736085965525,1.58194436741074,0.572493720180471,0.430596333660977,NaN
477.899437778131,-18.635644307013,59.4838701340977,-2712.10647488778,2.11819754719986,1.21249881945625,0.492975424883238,0.435455227379923,NaN
472.899437778131,-18.7067536626799,59.5107372435917,-2712.49990064893,1.75183161273305,0.834663213505267,0.432742963790134,0.43303058404202,NaN
467.899437778131,-18.7778874255709,59.5376116870346,-2711.48652868574,1.75332133347445,0.51311516170282,0.364334863182886,0.693778808077603,0.030489210835038
462.899437778131,-18.8491565510115,59.5645268045833,-2708.25666529609,1.5058358691304,0.461738836108804,0.313120737931552,0.585418223371626,0.0261650456404081
457.899437778131,-18.9204256764522,59.591441922132,-2703.40363288131,1.25860856795684,0.402771881218423,0.262176415527446,0.477098743992,0.0218276702539453
452.899437778131,-18.9916948018928,59.6183570396807,-2697.74606064558,1.01163942979226,0.352170024582595,0.211501896574933,0.372036834371892,0.0143887174543114
447.899437778131,-19.0629639273335,59.6452721572294,-2692.85129934671,0.764928454475135,0.301557850174348,0.158837913392311,0.265441039059778,0.0107973312862123
442.899437778131,-19.1342330527742,59.6721872747781,-2689.37378097984,0.518475641843971,0.25093535801052,0.109722007192142,0.155444344540872,0.00719486293449867
437.899437778131,-19.2055021782148,59.6991023923268,-2687.47400627276,0.272280991737253,0.200302548107953,0.0608705256376233,0.045493078031517,0.00358131240955726
432.899437778131,-19.2767713036555,59.7260175098754,-2687.48424545843,0.0263445039934747,0.149659420483485,0.0122834693255193,-0.0644127604962054,-4.33202782252449e-05
427.899437778131,-19.3482315710955,59.7529837068797,-2688.53581946915,-0.0893623586978349,0.143206832917064,-0.000293806768646093,-0.100011906417137,-0.0282621217773623
422.899437778131,-19.4198452179143,59.7799908919201,-2691.42952299243,-0.00879849237339365,0.172163281115622,0.0136417193222305,-0.0736674882660179,-0.0217832685499355
417.899437778131,-19.4914588647331,59.8069980769605,-2695.135174525,0.0716200273769548,0.201046326438665,0.0275250655640822,-0.0473360840870253,-0.0152927500292057
412.899437778131,-19.563072511552,59.8340052620009,-2700.48785209749,0.15189320046147,0.229855968738158,0.0413562318607281,-0.0210176938786421,-0.00879056623055689
407.899437778131,-19.6346861583708,59.8610124470413,-2705.44786168076,0.232021026788414,0.256186560760228,0.0575422486008977,0.00528768236064882,-0.00227671716937327
402.899437778131,-19.7062998051897,59.8880196320817,-2710.0968728998,0.312003506266045,0.284602641125631,0.0715624228461801,0.0315800446323644,0.00424879713896114
397.899437778131,-19.7655157986642,59.9181849344218,-2712.6861658374,0.351534592825491,0.317038779037654,0.0820551722396894,0.0394417027409121,0.00172233181924214
392.899437778131,-19.8053225171351,59.9532944601131,-2711.92411543729,0.327200695731271,0.364879495914485,0.0889290141054581,0.0169333859213532,-0.0130794899111188
387.899437778131,-19.8451292356059,59.9884039858044,-2710.4034982568,0.303018554044063,0.399902294501706,0.0990665609916514,-0.00478263987937561,-0.0278572998770511
382.899437778131,-19.8849359540768,60.0235135114957,-2706.86366968938,0.278988168607371,0.433444861664431,0.110883792775408,-0.0257988285762884,-0.043758470979456
377.899437778131,-19.9247426725476,60.058623037187,-2702.93229818523,0.255109540264702,0.470852081623519,0.117786825343724,-0.0451859889979109,-0.0603935618315615
372.899437778131,-19.9645493910185,60.0937325628783,-2699.32899973792,0.231382669859563,0.502016553998595,0.130996060119917,-0.0666063711536621,-0.0757172007465932
367.899437778131,-20,60.1299240242303,-2693.81848658322,0.297864939416748,0.556190024783802,0.14106755097467,-0.0756252160922395,-0.0566682408083506
362.899437778131,-20,60.1749204245183,-2679.02905960414,0.470695327520088,0.622416720693661,0.182021445372304,-0.0122332973659196,-0.0526873153123233
357.899437778131,-20,60.2199168248063,-2665.02509027007,0.642956789122582,0.695228144644374,0.216473202749911,0.0521609408521538,-0.0496791676070534
352.899437778131,-20,60.2649132250942,-2651.52596420336,0.814649321839177,0.758739796563454,0.259888134887456,0.113415152209176,-0.0441486981315942
347.899437778131,-20,60.3099096253822,-2639.62147050932,0.985772923284822,0.830672703828875,0.291566667364418,0.177034912378754,-0.0380204196110289
342.899437778131,-20,60.3549060256702,-2627.52771206994,1.15632759107446,0.902572362650515,0.325772937924176,0.237114477356172,-0.0312896850180436
337.899437778131,-20,60.3999024259582,-2614.02973042987,1.37947483098814,0.970367318114286,0.370866215442797,0.295824678211638,-0.00676986237062145
332.899437778131,-20,60.4448988262461,-2600.53060436316,1.51585071886075,1.0117021520874,0.404175618184572,0.352964397536885,-0.00562271771629416
327.899437778131,-20,60.4898952265341,-2566.88184357077,1.65178095799618,1.05287232778778,0.43748315716885,0.409290730248265,-0.00413299066871158
322.899437778131,-20,60.5348916268221,-2532.87764535139,1.78726554626538,1.07945589622609,0.485202941320073,0.464822135353491,-0.0015066801725457
317.899437778131,-20,60.5798880271101,-2507.44651662824,1.92230448153928,1.14790401661362,0.51928293108436,0.519156267816819,0.00220129119741828
312.899437778131,-20,60.6248844273981,-2487.1386575019,2.05689776168882,1.18851858954087,0.545552153893642,0.581023297984498,0.00552708726285242
307.899437778131,-20,60.669880827686,-2439.68668429501,1.95623767614442,1.09427046506958,0.519484955535493,0.561615446456612,0.0139947152533781
302.899437778131,-20,60.714877227974,-2414.64439086745,1.85532074792353,1.01635606111121,0.477208750160816,0.539141083280095,0.0252705913810169
297.899437778131,-20,60.759873628262,-2406.2227197937,1.75475265226742,0.926042491301989,0.44162592749478,0.523918154727682,0.0350387680983945
292.899437778131,-20,60.80487002855,-2388.78522856347,1.65453339086339,0.838384673709991,0.41082334022169,0.501145697457204,0.045216167609616
287.899437778131,-20,60.8498664288379,-2364.05545986518,1.55466296539875,0.76417858575299,0.361956869586763,0.479893026976802,0.0589762633281482
282.899437778131,-20,60.8948628291259,-2353.92497952961,1.32146048378653,0.605143948749809,0.291688942029979,0.415239670106347,0.0659291684589006
277.899437778131,-20,60.9398592294139,-2348.60850129653,0.874862769038126,0.338269956992377,0.186570926084043,0.293231208047951,0.0563381349075116
272.899437778131,-20,60.9848556297019,-2346,0.427651344598331,0.0751444733318878,0.08275462119349,0.172410281087417,0.0437078765994888
267.899437778131,-20,61.0298520299898,-2346,-0.0201737895808943,-0.195817619734779,-0.0244364578162519,0.0544612091160608,0.031113004177342
262.899437778131,-20,61.0748484302778,-2347.4909743435,-0.468612633547594,-0.463031204649015,-0.131990837346243,-0.0637628401543887,0.0185883620665345
257.899437778131,-20,61.1198448305658,-2349,-0.917665187349808,-0.739526383404223,-0.231020644882478,-0.18139721250561,0.00529747020319488
252.899437778131,-20,61.1648412308538,-2349,-1.17581809346368,-0.775916368576749,-0.276331165383411,-0.252657885291795,-0.0310146102600678
247.899437778131,-20,61.2098376311418,-2348.4097789018,-1.34434459585479,-0.792797987860701,-0.301032558427212,-0.314776264743614,-0.059191765325252
242.899437778131,-20,61.2548340314297,-2343.12986106538,-1.51378661830499,-0.811114366689303,-0.328801362133852,-0.371928183010383,-0.0872328100690285
237.899437778131,-20,61.2998304317177,-2329.07089932583,-1.6841441590222,-0.830928178719022,-0.352089600559704,-0.430260305605304,-0.117148685376264
232.899437778131,-20,61.3448268320057,-2264.51516308884,-1.85541721621436,-0.85229303335078,-0.374324219310677,-0.486103319536371,-0.14882951386821
227.899437778131,-20,61.3898232322937,-2201.00727519227,-1.5579670644811,-0.834556501746808,-0.376868525404609,-0.385806362935921,NaN
222.899437778131,-20,61.4348196325816,-2231.91088172042,-1.50125705797926,-0.708049336385921,-0.332277733879646,-0.433905704650557,NaN
217.899437778131,-20,61.4798160328696,-2221.47739554956,-1.44450547294035,-0.596840258778862,-0.292720603095525,-0.47593410767708,NaN
212.899437778131,-20,61.5248124331576,-2173.02787080563,-1.38771230929965,-0.485373921796486,-0.240840999012156,-0.522590081875219,NaN
207.899437778131,-20,61.5698088334456,-2080.17109120592,-1.33087756699243,-0.374501042728984,-0.202563048312971,-0.555091387307017,NaN
202.899437778131,-20,61.6148052337335,-2042.45055127168,-1.27400124595397,-0.260318566164178,-0.164037346937391,-0.595021018057792,NaN
197.899437778131,-20,61.6598016340215,-2001.59175262463,-1.33297877666657,-0.363407567436911,-0.182065462913322,-0.569791937369905,NaN
192.899437778131,-20,61.7047980343095,-1937.51614246814,-1.42412560559133,-0.519350084789048,-0.227390110329732,-0.482220024232947,-0.041355897502534
187.899437778131,-20,61.7497944345975,-1866.34535514594,-1.51527855663126,-0.675324579938838,-0.273136261764986,-0.398514960600451,-0.0715051518509032
182.899437778131,-20,61.7947908348854,-1809.18756229309,-1.60643762983342,-0.846422613220342,-0.319303915866694,-0.33910565690662,-0.0806083138202435
177.899437778131,-20,61.8397872351734,-1809.38731631433,-1.69760282524489,-1.02038264931911,-0.347143820007369,-0.295128615509059,-0.0815381045563948
172.899437778131,-19.9972561561345,61.8846365118892,-1808.42736121597,-1.77049507714201,-1.14494757136892,-0.389208465714532,-0.275461077248007,-0.0768860212896282
167.899437778131,-19.9846368085118,61.9289562689013,-1787.74694088256,-1.8807963036115,-1.13649432116258,-0.42216955300963,-0.32592929673907,-0.0823940024401308
162.899437778131,-19.9720174608892,61.9732760259133,-1807.74548759204,-1.99152424561138,-1.16577239328915,-0.446538402489602,-0.36318869037478,-0.0935262338193793
157.899437778131,-19.9593981132665,62.0175957829254,-1879.27125693592,-2.10267890366428,-1.15748469580317,-0.48076305544303,-0.406647072763352,-0.105501945338364
152.899437778131,-19.9467787656439,62.0619155399375,-1834.91526671309,-2.21426027829282,-1.14918804397407,-0.515299473058603,-0.449552230061289,-0.11837521946946
147.899437778131,-19.9341594180212,62.1062352969496,-1818.15647001353,-2.3262683700196,-1.15836631771945,-0.543251133720203,-0.481271475763012,-0.132202254849077
142.899437778131,-19.9215400703985,62.1505550539617,-1812.55168147479,-2.43870317936727,-1.15041905713395,-0.579062597206512,-0.529516507119658,-0.139398685872206
137.899437778131,-19.9030290748523,62.194568093595,-1810.18177015291,-2.45802026396348,-1.16754122990829,-0.605518177627991,-0.560985652379883,-0.0636335795171304
132.899437778131,-19.8812073256835,62.2384087764129,-1810,-2.5628955589092,-1.19872816112249,-0.626583113534676,-0.595166374221845,-0.0683113478540929
127.899437778131,-19.8593855765148,62.2822494592308,-1811,-2.66771756688589,-1.2298829831895,-0.647635836828865,-0.629364818937661,-0.0729981909920483
122.899437778131,-19.8375638273461,62.3260901420487,-1812.42196244303,-2.77248628780984,-1.26100569604353,-0.668676347499891,-0.663580986554104,-0.0776941089351177
117.899437778131,-19.8157420781774,62.3699308248666,-1813,-2.87720172159735,-1.2920962996188,-0.674844510009609,-0.702049495087791,-0.0929773311901154
112.899437778131,-19.7939203290086,62.4137715076845,-1813.36474004861,-2.98186386816472,-1.32315479384951,-0.695230940572674,-0.736336797842312,-0.0982674273079245
107.899437778131,-19.7720985798399,62.4576121905024,-1814.96381095926,-3.08647272742824,-1.35418117866989,-0.715605178049998,-0.770641779909933,-0.103566897662294
102.899437778131,-19.7502947139638,62.5014554312549,-1828.04778422921,-2.80510922737385,-1.38220672272251,-0.734803519484884,-0.574578450440447,NaN
97.8994377781314,-19.7290125959868,62.5453733001545,-1830.29923050186,-2.73864345454687,-1.30245382942821,-0.724725820414639,-0.589792457217184,NaN
92.8994377781314,-19.7077304780097,62.5892911690542,-1819.12675571575,-2.6724126237049,-1.24473909489674,-0.709599800318174,-0.588214048101594,NaN
87.8994377781314,-19.6864483600326,62.6332090379538,-1798.78082511317,-2.60641673603359,-1.20779403345402,-0.67808247443366,-0.602992601860243,NaN
82.8994377781314,-19.6651662420556,62.6771269068535,-1750.29396113839,-2.54065579271857,-1.1297852176759,-0.682667296799499,-0.601233924126497,NaN
77.8994377781314,-19.6438841240785,62.7210447757531,-1711.960725291,-2.47512979494552,-1.07175528010157,-0.651077008864316,-0.615532024988846,NaN
72.8994377781314,-19.6226020061015,62.7649626446528,-1690.19950911674,-2.40983874390005,-0.996124141659252,-0.63782819281456,-0.629556420415882,NaN
67.8994377781314,-19.6176263159106,62.8072696097353,-1627.86906228998,-1.63647944498633,-0.83907507081754,-0.624020154490258,-0.0909766797910014,NaN
62.8994377781314,-19.6387684734458,62.8469964057489,-1613.19744220829,-1.313999362604,-0.555136563102521,-0.566246252975525,-0.102375087049983,NaN
57.8994377781314,-19.6599106309809,62.8867232017625,-1464.96582268026,-0.995310762240776,-0.269565940616087,-0.514974885351809,-0.112602305358889,NaN
52.8994377781314,-19.6810527885161,62.9264499977762,-1427.59685141923,-0.680413693895758,0.000628654379522889,-0.452976488061831,-0.121621953120344,NaN
47.8994377781314,-19.7021949460512,62.9661767937898,-1414.87197569341,-0.369308207568068,0.254633357035596,-0.379589067159599,-0.129429880142751,NaN
42.8994377781314,-19.7233371035864,63.0059035898035,-1378.53963271095,-0.0619943532568219,0.494147223468767,-0.295452721930585,-0.136004897414126,NaN
37.8994377781314,-19.765268054794,63.0434082333012,-1170.21816282927,0.573574414488756,0.541741786507273,0.00974212453835679,NaN,NaN
32.8994377781314,-19.8264420456122,63.0788559527869,-1142.87388043271,0.449925120720896,0.426093225701674,0.00652020572490068,NaN,NaN
27.8994377781314,-19.8876160364304,63.1143036722726,-1039.21253281991,0.328040290122994,0.318901424317835,-0.00395554788374057,NaN,NaN
22.8994377781314,-19.9487900272486,63.1497513917584,-834.543305110573,0.207919949505982,0.214828525839332,-0.0159700645492515,NaN,NaN
17.8994377781314,-20.009282493279,63.1854430727871,-728.883164148527,0.0765840347958213,0.0589024514312176,NaN,NaN,NaN
12.8994377781314,-20.0681984928542,63.2216990725256,-485.153740823929,0.0531907231272368,0.0346585631877213,NaN,NaN,NaN
7.89943777813141,-20.1271144924293,63.2579550722642,-162.939500232894,0.0297612276361273,0.018378000967489,NaN,NaN,NaN
