Refdist,Lon,Lat,Water_depth,Total,Upper_water,Permanent_pycnocline,Labrador_sea_water_level,Overflow_water
1302.89943777813,-6.208,56.675,-15.381060195979,NaN,NaN,NaN,NaN,NaN
1297.89943777813,-6.28518755775411,56.6885243156749,-22.5243973623362,NaN,NaN,NaN,NaN,NaN
1292.89943777813,-6.35984627240515,56.7059330156902,-41.1633980048146,NaN,NaN,NaN,NaN,NaN
1287.89943777813,-6.43379938921198,56.7232145267395,-21.6882899736771,NaN,NaN,NaN,NaN,NaN
1282.89943777813,-6.51190206270632,56.7315946419213,-35.983620630592,NaN,NaN,NaN,NaN,NaN
1277.89943777813,-6.59327276804972,56.733,-43.3286917147893,NaN,NaN,NaN,NaN,NaN
1272.89943777813,-6.67530195581663,56.733,-38.7762595864474,NaN,NaN,NaN,NaN,NaN
1267.89943777813,-6.75733114358354,56.733,-25.6288069209906,NaN,NaN,NaN,NaN,NaN
1262.89943777813,-6.83936033135044,56.733,-78.9653886422808,NaN,NaN,NaN,NaN,NaN
1257.89943777813,-6.92138951911735,56.733,-96.9621984733552,NaN,NaN,NaN,NaN,NaN
1252.89943777813,-7.00341870688426,56.733,-127.589980321091,NaN,NaN,NaN,NaN,NaN
1247.89943777813,-7.08544789465116,56.733,-183.294603843169,NaN,NaN,NaN,NaN,NaN
1242.89943777813,-7.16747708241807,56.733,-190.235179303556,NaN,NaN,NaN,NaN,NaN
1237.89943777813,-7.24950627018498,56.733,-102.976605837331,NaN,NaN,NaN,NaN,NaN
1232.89943777813,-7.33153545795189,56.733,-98.2650114738381,0.00270886627992589,NaN,NaN,NaN,NaN
1227.89943777813,-7.41356464571879,56.733,-145.097654991021,0.00104811310141033,0.00116045191321267,NaN,NaN,NaN
1222.89943777813,-7.4955938334857,56.733,-164.821481373081,NaN,NaN,NaN,NaN,NaN
1217.89943777813,-7.57762302125261,56.733,-52.8104717984553,NaN,NaN,NaN,NaN,NaN
1212.89943777813,-7.65828464007842,56.7386144624683,-25.5732169026043,NaN,NaN,NaN,NaN,NaN
1207.89943777813,-7.73884071799207,56.7446622160655,-33.3304520189541,NaN,NaN,NaN,NaN,NaN
1202.89943777813,-7.81820078327276,56.7557403578488,-37.0920495820681,NaN,NaN,NaN,NaN,NaN
1197.89943777813,-7.89736852494423,56.7676274061478,-48.5019608249751,NaN,NaN,NaN,NaN,NaN
1192.89943777813,-7.97658598308737,56.7794949076478,-86.7598909536867,NaN,NaN,NaN,NaN,NaN
1187.89943777813,-8.05581928414498,56.7913561802612,-103.566044117718,NaN,NaN,NaN,NaN,NaN
1182.89943777813,-8.13476598158229,56.8038134024188,-113.066293803353,-0.000857237538659714,NaN,NaN,NaN,NaN
1177.89943777813,-8.21355878967834,56.8165906145424,-118.627102477198,0.000279388752524383,NaN,NaN,NaN,NaN
1172.89943777813,-8.29076095090814,56.8316803943487,-127.203270701179,-0.000178504221323272,NaN,NaN,NaN,NaN
1167.89943777813,-8.36659444837915,56.8487600108962,-129.859741171384,-0.00130504626685549,NaN,NaN,NaN,NaN
1162.89943777813,-8.44208284072306,56.8664241355593,-127.460580085503,-0.0016420316173847,-0.000707729633026897,NaN,NaN,NaN
1157.89943777813,-8.51690698215271,56.8852133088517,-124.111066869115,-0.000837789392443016,-0.000347522073632522,NaN,NaN,NaN
1152.89943777813,-8.59173112358236,56.904002482144,-122.617093092909,-3.35471675013317e-05,1.26854857618522e-05,NaN,NaN,NaN
1147.89943777813,-8.66688429904791,56.9224399259772,-121,0.000751205564891852,0.000343482367836355,NaN,NaN,NaN
1142.89943777813,-8.74269105587698,56.9401787070752,-120,0.0014972450709183,0.000615858939281953,NaN,NaN,NaN
1137.89943777813,-8.81849781270604,56.9579174881732,-122.269726982986,0.00224328457694475,0.000888235510727552,NaN,NaN,NaN
1132.89943777813,-8.89431497290455,56.9756486112683,-135.273026659945,0.00307025347570833,0.00119477198126531,NaN,NaN,NaN
1127.89943777813,-8.97040292999917,56.9931803986173,-173.783570522701,0.00600379260289034,0.00179855973776642,NaN,NaN,NaN
1122.89943777813,-9.04649088709379,57.0107121859663,-228.345535167112,0.00893733173007235,0.00269082240888186,NaN,NaN,NaN
1117.89943777813,-9.12253139411061,57.0283197304678,-316.129745448914,0.0137210848116709,NaN,NaN,NaN,NaN
1112.89943777813,-9.19836291115698,57.0462609411255,-425.495887962062,0.0139677085588303,0.00239368473708797,NaN,NaN,NaN
1107.89943777813,-9.27413544876553,57.0642838621914,-754.174954613597,0.03866419592841,0.0271694843519381,NaN,NaN,NaN
1102.89943777813,-9.34934530414288,57.0830863260357,-933.603529605289,0.0307194156091286,0.0215626595323298,NaN,NaN,NaN
1097.89943777813,-9.42657860076367,57.0991668278258,-1265.18062696593,0.0423736251967893,0.0344211522139125,NaN,NaN,NaN
1092.89943777813,-9.50443257570478,57.1144123842764,-1639.60803990747,0.0369209823052754,0.0298250452865762,NaN,NaN,NaN
1087.89943777813,-9.58211174227366,57.1299610769706,-1813.58438652219,0.0302750884155669,0.0270514508758602,-0.00171270390673005,-0.0012788218255518,NaN
1082.89943777813,-9.65939356504216,57.1461988059251,-1904.21694812979,0.0240747841743663,0.0231234363336654,-0.00265921254587504,-0.00116901166843332,NaN
1077.89943777813,-9.73667538781066,57.1624365348796,-1956.40110784953,0.0178744799331658,0.0186921815863341,-0.00367713408408453,-0.00105920151131484,NaN
1072.89943777813,-9.81395721057917,57.1786742638342,-1993.02320936738,0.0116741756919653,0.0142290744891788,-0.00466320327247007,-0.000949391354196355,NaN
1067.89943777813,-9.89117939143122,57.1950533070493,-2034.62595188889,0.00812146003647907,0.00909779587589413,-0.00531275782951649,0.00218916026651913,NaN
1062.89943777813,-9.96817737735319,57.2119635528594,-2079.62443374358,0.000248405296253964,0.00145484970932262,-0.00477137184012594,0.00251415604919908,NaN
1057.89943777813,-10.0451753632752,57.2288737986695,-2119.64794395463,-0.00762464944397114,-0.00618809645724889,-0.00413030832715277,0.0027394743082964,NaN
1052.89943777813,-10.1221733491971,57.2457840444796,-2182.96694658848,-0.0154977041841962,-0.0138310426238204,-0.00348924481417961,0.00296479256739373,NaN
1047.89943777813,-10.1991713351191,57.2626942902897,-2203.49317438047,-0.0233707589244213,-0.0214739887903919,-0.00284818130120644,0.00319011082649105,NaN
1042.89943777813,-10.2763600470941,57.2795003992068,-2205.91053451933,-0.0386454872404286,-0.0301762888283577,-0.0050626986495685,-0.000201673231898855,NaN
1037.89943777813,-10.3536041481333,57.2962762655589,-2206.32926828121,-0.0587402738789386,-0.0391862375525728,-0.00810650989507942,-0.0074071138365958,NaN
1032.89943777813,-10.4308482491725,57.313052131911,-2210.28984532107,-0.0788350605174487,-0.0475705483634476,-0.0111503211405903,-0.0146125544412927,NaN
1027.89943777813,-10.5080923502118,57.3298279982632,-2233.46427841181,-0.0989298471559587,-0.0570058817088738,-0.0136645436980941,-0.0218179950459897,NaN
1022.89943777813,-10.5857477683059,57.3460511917987,-2254.23712039791,-0.0556503844903615,-0.0491860412811892,NaN,NaN,NaN
1017.89943777813,-10.6635184468201,57.3621195138058,-2217.91750731081,-0.0559218254605572,-0.0503755603612981,NaN,NaN,NaN
1012.89943777813,-10.7412891253343,57.3781878358129,-1452.26900886761,-0.0561932664307529,-0.0508425068866128,NaN,NaN,NaN
1007.89943777813,-10.8193556050734,57.3939459500507,-872.154692014844,-0.0352561887899039,-0.0302022331065672,NaN,NaN,NaN
1002.89943777813,-10.8975681727279,57.4095508613856,-718.48924325501,-0.0289870517430353,-0.0248733938814785,NaN,NaN,NaN
997.899437778131,-10.9757970174599,57.425118667044,-672.93026987602,-0.0226205428376253,-0.0194614100899269,NaN,NaN,NaN
992.899437778131,-11.0556401809567,57.4370064269424,-618.255648149543,-0.00659694291790593,-0.00580336159648016,NaN,NaN,NaN
987.899437778131,-11.1354833444535,57.4488941868409,-616.775376338341,0.00942665700181344,0.00785468689696661,NaN,NaN,NaN
982.899437778131,-11.2159135300188,57.4596669922014,-674.334044451419,0.0239514593832482,0.0202964085299919,NaN,NaN,NaN
977.899437778131,-11.2988147742697,57.4657464167798,-784.169614226904,0.0321671008765889,0.027103316110306,NaN,NaN,NaN
972.899437778131,-11.3817160185205,57.4718258413582,-1352.36434206744,0.0403827423699297,0.0342857840406961,NaN,NaN,NaN
967.899437778131,-11.4648160008655,57.4768675422545,-2022.08347532709,0.0655135412715806,0.0582241448782503,NaN,NaN,NaN
962.899437778131,-11.5481331152228,57.4807754744476,-1950.28299113356,0.0705780978181993,0.061922258363059,NaN,NaN,NaN
957.899437778131,-11.6314502295801,57.4846834066407,-1888.53818752305,0.0756426543648181,0.0656203718478677,NaN,NaN,NaN
952.899437778131,-11.7148330221721,57.4883135642319,-1877.63434943631,0.115161508720486,0.0812697919627471,0.0187363823761944,0.00393700449858566,NaN
947.899437778131,-11.79838532113,57.4912268243072,-1860.60567138374,0.116620313363611,0.0778804319626394,0.0197145870571004,0.00813676806203932,NaN
942.899437778131,-11.8819376200878,57.4941400843824,-1842.39025290012,0.118079118006735,0.0737289523203894,0.0213612714176285,0.0124301715880133,NaN
937.899437778131,-11.9654899190457,57.4970533444577,-1829.08326929421,0.11953792264986,0.0703705914950555,0.0221258505052638,0.0168125615699638,NaN
932.899437778131,-12.0490422180036,57.4999666045329,-1818.12297351628,0.120996727292984,0.0670316704671513,0.0227870317692461,0.0212789095781378,NaN
927.899437778131,-12.1323951277694,57.5043144319777,-1809.32139088409,0.0889279878847212,0.051717383569012,0.0175471094638305,0.011597488694824,NaN
922.899437778131,-12.2157457253796,57.5086788949432,-1804.98498644987,0.0610721399966747,0.0376512481285557,0.0112616635187799,0.00655960444177912,NaN
917.899437778131,-12.2990963229897,57.5130433579088,-1804.21738658374,0.0332162921086283,0.0227779811499385,0.00524186402122262,0.00125607374124088,NaN
912.899437778131,-12.3824469205999,57.5174078208743,-1803.77757404981,0.00536044422058185,0.00786727380279158,-0.000537066437307662,-0.00425088562979454,NaN
907.899437778131,-12.4657960135128,57.5218388402908,-1789.9610341631,-0.00913879283815612,-0.00613674584338346,-0.00364605396204558,NaN,NaN
902.899437778131,-12.5491414493857,57.5264316195772,-1701.31598046234,-0.0262169443625524,-0.0186258838862646,-0.00679821200863021,NaN,NaN
897.899437778131,-12.6324868852585,57.5310243988635,-1598.95322515794,-0.0432950958869487,-0.0311631320257431,-0.00995037005521484,NaN,NaN
892.899437778131,-12.7158323211313,57.5356171781499,-1326.64379980875,-0.060373247411345,-0.0441375681255993,-0.0126653401414218,NaN,NaN
887.899437778131,-12.7992764126463,57.5397825586239,-1049.31026908954,-0.0130505799938366,-0.0105036158321271,NaN,NaN,NaN
882.899437778131,-12.8827890480419,57.5436509913262,-613.885212113968,-0.00619691967934069,-0.00596350640319529,NaN,NaN,NaN
877.899437778131,-12.9662783009834,57.547758492542,-360.411501150482,0.00196436021843715,0.000695839380963319,NaN,NaN,NaN
872.899437778131,-13.0497314049721,57.5522355903955,-271.160595017249,0.00324959779425036,0.0013679078379177,NaN,NaN,NaN
867.899437778131,-13.1331845089609,57.556712688249,-246.058675934195,0.00453483537006358,0.00186550636179982,NaN,NaN,NaN
862.899437778131,-13.2166683025637,57.5611154091384,-218.333211895203,0.00327921083815184,0.000814554594197099,NaN,NaN,NaN
857.899437778131,-13.3001724888318,57.5654687079486,-187.866154154864,0.00209648808559948,0.000495876950927074,NaN,NaN,NaN
852.899437778131,-13.3836766750999,57.5698220067588,-157.876349300925,0.000913765333047115,0.000177199307657048,NaN,NaN,NaN
847.899437778131,-13.467180861368,57.5741753055689,-126.814737464177,-0.000268957419505245,-0.000141478335612977,NaN,NaN,NaN
842.899437778131,-13.5461499680333,57.5861375604997,-94.9775799411108,-0.00117112820237635,-0.000461686797950877,NaN,NaN,NaN
837.899437778131,-13.6240591500115,57.5998781569685,-51.2651377144325,-0.00200772925224314,-0.000782253038555928,NaN,NaN,NaN
832.899437778131,-13.7019683319896,57.6136187534373,-31.0216062420062,-0.00284433030210992,-0.00110281927916098,NaN,NaN,NaN
827.899437778131,-13.7785456468526,57.6292559984017,-75.465474021984,-0.00355853813140358,-0.00135704867490172,NaN,NaN,NaN
822.899437778131,-13.8486981800472,57.6540424688011,-109.567981297198,-0.00368233441668781,-0.00163531896951033,NaN,NaN,NaN
817.899437778131,-13.9188507132418,57.6788289392005,-138.667221251926,-0.00380613070197204,-0.00158143905951033,NaN,NaN,NaN
812.899437778131,-13.9890032464363,57.7036154095999,-163.588251547563,-0.00392992698725628,-0.00152755914951034,NaN,NaN,NaN
807.899437778131,-14.0591557796309,57.7284018799992,-185.331050914878,-0.00405372327254051,-0.00147367923951034,NaN,NaN,NaN
802.899437778131,-14.1265687571036,57.7553674352274,-205.070584698448,-0.00444753160904348,-0.00207579763552143,NaN,NaN,NaN
797.899437778131,-14.1931824807916,57.7829687292299,-223.707323964202,-0.00374046445465268,-0.00168965039651923,NaN,NaN,NaN
792.899437778131,-14.2597962044795,57.8105700232324,-241.031857409407,-0.00303339730026187,-0.00130350315751702,NaN,NaN,NaN
787.899437778131,-14.3264099281675,57.8381713172349,-270.713274619346,-0.00232633014587106,-0.000917355918514822,NaN,NaN,NaN
782.899437778131,-14.3930236518555,57.8657726112373,-310.305592862688,-0.00161926299148026,-0.00053120867951262,NaN,NaN,NaN
777.899437778131,-14.4609474479434,57.8924651526657,-341.68026359902,-5.32350331914678e-05,0.000422955206790889,NaN,NaN,NaN
772.899437778131,-14.5295842154482,57.9186631301218,-375.395425255641,0.0013953076690983,0.00142396690467078,NaN,NaN,NaN
767.899437778131,-14.5982209829529,57.9448611075778,-411.711775235574,0.00284385037138807,0.00242497860255067,NaN,NaN,NaN
762.899437778131,-14.6668577504576,57.9710590850338,-457.191288011653,0.00429239307367784,0.00342599030043056,NaN,NaN,NaN
757.899437778131,-14.7354945179624,57.9972570624899,-497.279599898481,0.0057409357759676,0.00442700199831044,NaN,NaN,NaN
752.899437778131,-14.8036289163625,58.023851566545,-519.377643898893,0.0162499657970075,0.0144940049725937,NaN,NaN,NaN
747.899437778131,-14.8712089988196,58.0508835995279,-536.976797048206,0.0196292124197111,0.0169981702785515,NaN,NaN,NaN
742.899437778131,-14.9387890812768,58.0779156325107,-553.332056741689,0.0230084590424147,0.0198568751192159,NaN,NaN,NaN
737.899437778131,-15.0063691637339,58.1049476654936,-570.50469030342,0.0263877056651182,0.0227155799598802,NaN,NaN,NaN
732.899437778131,-15.0739492461911,58.1319796984764,-589.103518734842,0.0297669522878218,0.0255742848005446,NaN,NaN,NaN
727.899437778131,-15.1415293286482,58.1590117314593,-650.144516575295,0.0331461989105254,0.028432989641209,NaN,NaN,NaN
722.899437778131,-15.2099955720541,58.1853729462134,-739.973639209966,0.0355238914307355,0.0317870271254731,NaN,NaN,NaN
717.899437778131,-15.2785321693375,58.2116809035276,-834.534586660969,0.0333481045805261,0.0298605060902868,NaN,NaN,NaN
712.899437778131,-15.3470687666209,58.2379888608417,-916.541921005291,0.0311723177303167,0.0279339850551005,NaN,NaN,NaN
707.899437778131,-15.4156053639043,58.2642968181559,-975.579414707202,0.0289965308801073,0.0260074640199142,NaN,NaN,NaN
702.899437778131,-15.4841419611876,58.2906047754701,-1024.2303263399,0.026820744029898,0.0246314463176763,NaN,NaN,NaN
697.899437778131,-15.553255121492,58.3166480965113,-1067.55923103289,0.0295221189828265,0.02757640667932,NaN,NaN,NaN
692.899437778131,-15.6225347939679,58.3426149902429,-1100.44017235708,0.025863196221361,0.0241732016160797,NaN,NaN,NaN
687.899437778131,-15.6918144664439,58.3685818839745,-1115.69808850576,0.0222042734598955,0.0207699965528394,NaN,NaN,NaN
682.899437778131,-15.7610941389198,58.3945487777061,-1126.00414710208,0.01854535069843,0.0173667914895991,NaN,NaN,NaN
677.899437778131,-15.8303738113958,58.4205156714377,-1134.875757611,0.0148864279369645,0.014184497545373,NaN,NaN,NaN
672.899437778131,-15.8992758780074,58.4468508075397,-1142.94836755422,0.0245490031775213,0.0146984219119322,0.00869591667193144,0.000618270384542917,NaN
667.899437778131,-15.9681630667137,58.4732004526195,-1151.17961387451,0.0203781238321572,0.0110669939213704,0.00861435745667456,NaN,NaN
662.899437778131,-16.0370502554201,58.4995500976993,-1159.66312662471,0.0162072444867931,0.00735029238472713,0.00831093408290339,NaN,NaN
657.899437778131,-16.1059374441264,58.5258997427791,-1169.71245839005,0.012036365141429,0.00355666703461763,0.00843709991781093,NaN,NaN
652.899437778131,-16.1780052692332,58.5501943080769,-1182.03735289526,0.00645371564806932,0.00114426693169407,0.00510858343308083,0.000252710416136873,NaN
647.899437778131,-16.2512462919885,58.5737308443316,-1195.61655411219,-0.000367978758390136,-0.000867165116098821,0.0007392675761832,-0.000119670004402246,NaN
642.899437778131,-16.3244873147437,58.5972673805863,-1201.91301759951,-0.0071896731648496,-0.00287859716389171,-0.00377907822397645,-0.000343020481679349,NaN
637.899437778131,-16.3966529162878,58.6217549042135,-1201.50614103615,-0.014905892753295,-0.00695707274411751,-0.00758196919224012,NaN,NaN
632.899437778131,-16.466428443628,58.6483559535588,-1195.95714632412,-0.027023361677483,-0.0156792613238829,-0.0106062490255677,NaN,NaN
627.899437778131,-16.5362039709681,58.674957002904,-1174.40718794166,-0.039140830601671,-0.0244014499036482,-0.0136305288588954,NaN,NaN
622.899437778131,-16.6059794983083,58.7015580522493,-1157.00217867805,-0.051258299525859,-0.0330429760426705,-0.0171269472053864,NaN,NaN
617.899437778131,-16.6728274248072,58.7300554875896,-1144.72671327228,-0.0476494989130412,-0.0304026442426659,-0.0161722577430461,NaN,NaN
612.899437778131,-16.7385381866855,58.7592895339563,-1134.57295820798,-0.0379321615491286,-0.02298825208619,-0.0139884296979565,NaN,NaN
607.899437778131,-16.8042489485638,58.788523580323,-1127.12214241841,-0.0282148241852159,-0.0160087219595129,-0.0113697396230681,NaN,NaN
602.899437778131,-16.8699597104421,58.8177576266897,-1120.53932433985,-0.0184974868213032,-0.00884466174615237,-0.00893557963486309,NaN,NaN
597.899437778131,-16.9356793586002,58.8470464577595,-1113.71839808633,-0.0171111189799407,-0.0135873725842275,-0.0026753504920002,NaN,NaN
592.899437778131,-17.0013997449993,58.8763398401498,-1098.98589325558,-0.0241803584661771,-0.0189331370104952,-0.00428905887638831,NaN,NaN
587.899437778131,-17.0671201313983,58.9056332225401,-1028.19042351935,-0.0312495979524136,-0.0247539623599283,-0.00561718505171692,NaN,NaN
582.899437778131,-17.1369180756015,58.9324337776473,-942.037819942472,-0.0270906406990202,-0.0213192304663405,-0.00499093885838368,NaN,NaN
577.899437778131,-17.2091206903017,58.9577642301808,-849.389837296255,-0.0163100450208773,-0.0124261908049039,-0.00321213473676581,NaN,NaN
572.899437778131,-17.2813233050019,58.9830946827143,-786.316275329007,-0.00552944934273449,-0.00353315114346731,-0.00143333061514794,NaN,NaN
567.899437778131,-17.3535259197021,59.0084251352478,-782.494484171571,0.00525114633540836,0.00535988851796926,0.000345473506469935,NaN,NaN
562.899437778131,-17.4257252137559,59.0337590049128,-783.025571202532,0.0160364146351272,0.0142600011370953,0.0021123603334368,NaN,NaN
557.899437778131,-17.4975987302616,59.0594281179506,-785.855921617235,0.0272800982528591,0.0235024275936442,0.00306167158122378,NaN,NaN
552.899437778131,-17.5694722467673,59.0850972309883,-837.400483163527,0.038523781870591,0.0326691636786141,0.00372717191998015,NaN,NaN
547.899437778131,-17.6413457632731,59.1107663440261,-958.069527496205,0.0497674654883229,0.0419914646361369,0.00439267225873652,NaN,NaN
542.899437778131,-17.7132192797788,59.1364354570639,-1155.82405102153,0.0610111491060548,0.0507493546025751,0.00562258358857743,NaN,NaN
537.899437778131,-17.7848989493607,59.1622776909221,-1318.83211575814,0.0770621568277153,0.0594646019775841,0.0108945308940629,NaN,NaN
532.899437778131,-17.8553920297926,59.1891796438784,-1455.87830496838,0.0832778056150415,0.0642405788491992,0.0114851117756583,NaN,NaN
527.899437778131,-17.9258851102244,59.2160815968348,-1555.29510910816,0.0894934544023677,0.0694620391814954,0.0128163216304936,NaN,NaN
522.899437778131,-17.9963781906563,59.2429835497911,-1627.73666907804,0.0957091031896938,0.0742226281762307,0.0135360246455732,NaN,NaN
517.899437778131,-18.0669428192474,59.2698493705046,-1698.68132989658,0.112072522301087,0.0786088325210406,0.0200192427801217,0.00630041452192922,NaN
512.899437778131,-18.1380044371636,59.2964642086755,-1744.15929188826,0.119395065856414,0.0807281069175159,0.0229758116347513,0.00829571572679636,NaN
507.899437778131,-18.2090660550799,59.3230790468464,-1822.23511359738,0.126717609411741,0.0818301069528027,0.0266035828758752,0.0106370889063578,NaN
502.899437778131,-18.2801276729961,59.3496938850173,-2022.62407447222,0.134040152967069,0.0836834762324593,0.0297792991477598,0.0126791478107886,NaN
497.899437778131,-18.3512068843457,59.3764016961216,-2271.09074160028,0.146766359097007,0.0804072188601754,0.0312152796731379,0.0274991623419141,NaN
492.899437778131,-18.4223162400125,59.4032688056156,-2480.74883675131,0.131928994379217,0.06862966858269,0.0289713080310093,0.0278019914899502,NaN
487.899437778131,-18.4934255956794,59.4301359151096,-2640.43127809424,0.117091629661426,0.0578337900399824,0.0261713288221704,0.0276791564699188,NaN
482.899437778131,-18.5645349513462,59.4570030246037,-2706.68580019075,0.102254264943636,0.046399450520103,0.0240098105905032,0.0275563214498875,NaN
477.899437778131,-18.635644307013,59.4838701340977,-2712.10647488778,0.087416900225846,0.0357223643945621,0.0207199601877083,0.0278045652066453,NaN
472.899437778131,-18.7067536626799,59.5107372435917,-2712.49990064893,0.0725795355080558,0.0246440821205921,0.0182180418740492,0.0276660730226966,NaN
467.899437778131,-18.7778874255709,59.5376116870346,-2711.48652868574,0.0814411397935336,0.0151723390042598,0.0152867833749142,0.0473655234039045,0.00252405773438647
462.899437778131,-18.8491565510115,59.5645268045833,-2708.25666529609,0.0699821471237102,0.0136513643955829,0.0131732165770424,0.0399751417914171,0.00216280681444165
457.899437778131,-18.9204256764522,59.591441922132,-2703.40363288131,0.0585231544538867,0.0119383323444015,0.0110596497791706,0.0325847601789297,0.00180155589449683
452.899437778131,-18.9916948018928,59.6183570396807,-2697.74606064558,0.0470641617840633,0.0104374081383944,0.00894608298129888,0.0254467428223833,0.001187940718611
447.899437778131,-19.0629639273335,59.6452721572294,-2692.85129934671,0.0356051691142398,0.00893648393238737,0.00670705950836905,0.0181184408220538,0.000890066861566258
442.899437778131,-19.1342330527742,59.6721872747781,-2689.37378097984,0.0241461764444164,0.00743555972638031,0.00464568238749878,0.0106124924696649,0.000592193004521516
437.899437778131,-19.2055021782148,59.6991023923268,-2687.47400627276,0.0126871837745929,0.00593463552037325,0.0025843052666285,0.00310654411727587,0.000294319147476773
432.899437778131,-19.2767713036555,59.7260175098754,-2687.48424545843,0.00122819110476945,0.0044337113143662,0.000522928145758232,-0.00439940423511312,-3.55470956796935e-06
427.899437778131,-19.3482315710955,59.7529837068797,-2688.53581946915,-0.00436937287503776,0.00424531991998185,-1.24804984932371e-05,-0.00682602998979727,-0.0024733587702014
422.899437778131,-19.4198452179143,59.7799908919201,-2691.42952299243,-0.000430590774838131,0.00511015318638477,0.000580565997936871,-0.00502920924883409,-0.00190465259255342
417.899437778131,-19.4914588647331,59.8069980769605,-2695.135174525,0.0035081913253615,0.00597498645278769,0.00117361249436698,-0.00323238850787091,-0.00133594641490544
412.899437778131,-19.563072511552,59.8340052620009,-2700.48785209749,0.00744697342556112,0.00683981971919061,0.00176665899079709,-0.00143556776690774,-0.000767240237257462
407.899437778131,-19.6346861583708,59.8610124470413,-2705.44786168076,0.0113857555257608,0.00761481147640708,0.00244954699641366,0.000361252974055442,-0.000198534059609483
402.899437778131,-19.7062998051897,59.8880196320817,-2710.0968728998,0.0153245376259604,0.00847012227660939,0.00305211595904437,0.00215807371501862,0.000370172118038496
397.899437778131,-19.7655157986642,59.9181849344218,-2712.6861658374,0.0172035886013966,0.00945841485672341,0.003493949096004,0.00269082628472803,0.000148789556414582
392.899437778131,-19.8053225171351,59.9532944601131,-2711.92411543729,0.0160651243848533,0.0109040965031866,0.00380298504314484,0.00115477809488642,-0.00113142512071453
387.899437778131,-19.8451292356059,59.9884039858044,-2710.4034982568,0.01492666016831,0.0119748716196711,0.00421372464870657,-0.000325728847486662,-0.00241837913303793
382.899437778131,-19.8849359540768,60.0235135114957,-2706.86366968938,0.0137881959517667,0.0130061444941684,0.00471209273352675,-0.00175637841524237,-0.00380331675724993
377.899437778131,-19.9247426725476,60.058623037187,-2702.93229818523,0.0126497317352235,0.014190599638823,0.00500551362669813,-0.0030684153987087,-0.00525510204425987
372.899437778131,-19.9645493910185,60.0937325628783,-2699.32899973792,0.0115112675186802,0.015162416757049,0.00556250927616816,-0.00452693719084017,-0.00661133925247464
367.899437778131,-20,60.1299240242303,-2693.81848658322,0.0145749442699502,0.0168184378765629,0.00598946005605226,-0.00512729932636928,-0.0048100849048666
362.899437778131,-20,60.1749204245183,-2679.02905960414,0.0230695759483918,0.0187847111226487,0.00770559529305905,-0.000829793582080935,-0.00449786832487071
357.899437778131,-20,60.2199168248063,-2665.02509027007,0.0315642076268334,0.0209877250147211,0.00918498988407918,0.00353512997115774,-0.00425306955382515
352.899437778131,-20,60.2649132250942,-2651.52596420336,0.0400588393052749,0.0228602132673337,0.0109949101145592,0.00768995981627452,-0.00379817707465769
347.899437778131,-20,60.3099096253822,-2639.62147050932,0.0485534709837165,0.0250332631540239,0.0123092869802568,0.0119825052014668,-0.00328601840486116
342.899437778131,-20,60.3549060256702,-2627.52771206994,0.0570481026621581,0.0272063130407142,0.0137850829980374,0.0160558798180337,-0.00271610811852205
337.899437778131,-20,60.3999024259582,-2614.02973042987,0.0663995857665737,0.0291416235790171,0.0156295483534138,0.0200131474796101,-0.000562628427441489
332.899437778131,-20,60.4448988262461,-2600.53060436316,0.0730812058667455,0.0304408962083293,0.0170337948784906,0.0238536358023293,-0.000469525295303967
327.899437778131,-20,60.4898952265341,-2566.88184357077,0.0797628259669173,0.0317401688376415,0.0184380414035673,0.027665165193065,-0.000347463231182871
322.899437778131,-20,60.5348916268221,-2532.87764535139,0.086444446067089,0.0325335192982808,0.0203482100973169,0.0313784968020916,-0.000127203385352799
317.899437778131,-20,60.5798880271101,-2507.44651662824,0.0931260661672608,0.0345668480326978,0.0217786564334061,0.034998358450244,0.000186526421351499
312.899437778131,-20,60.6248844273981,-2487.1386575019,0.0998076862674326,0.0358597721365704,0.0227807971657966,0.0390757019980187,0.00047107993213226
307.899437778131,-20,60.669880827686,-2439.68668429501,0.0950929212002478,0.0330426876717085,0.0216320885222687,0.0376992074657016,0.00119909496495016
302.899437778131,-20,60.714877227974,-2414.64439086745,0.0903488093060432,0.0307793339354904,0.0199125086948382,0.0360685386413938,0.00216940019342575
297.899437778131,-20,60.759873628262,-2406.2227197937,0.0856046974118385,0.0280689875147712,0.0182988019524592,0.0348974894753659,0.00302120536307111
292.899437778131,-20,60.80487002855,-2388.78522856347,0.0808605855176339,0.0254354629318388,0.0169789922312294,0.0333143340374791,0.00391439794563916
287.899437778131,-20,60.8498664288379,-2364.05545986518,0.0761164736234292,0.0232528837376341,0.0149260455546598,0.0317142793717374,0.00510668132267426
282.899437778131,-20,60.8948628291259,-2353.92497952961,0.0644815293279886,0.0184424996361942,0.0120335126159741,0.0274213005672196,0.00569725003159167
277.899437778131,-20,60.9398592294139,-2348.60850129653,0.0426602292055967,0.0103070040303787,0.00768378174610817,0.0193173571106554,0.00485771805958947
272.899437778131,-20,60.9848556297019,-2346,0.0208389290832048,0.00227327846528394,0.00341713059885934,0.0113745248605849,0.00377399515847662
267.899437778131,-20,61.0298520299898,-2346,-0.000982371039187165,-0.00596398718125243,-0.00100733040212019,0.003589502464245,0.00269027225736376
262.899437778131,-20,61.0748484302778,-2347.4909743435,-0.0228036711615791,-0.014099482787068,-0.00543179140309971,-0.00419243753869257,0.00160346696284861
257.899437778131,-20,61.1198448305658,-2349,-0.044624971283971,-0.0225554234676156,-0.00953580732934721,-0.0119153002230965,0.000457584349799846
252.899437778131,-20,61.1648412308538,-2349,-0.0551734438329843,-0.0235682172139853,-0.0113894347795102,-0.0166144921443844,-0.00252675803011753
247.899437778131,-20,61.2098376311418,-2348.4097789018,-0.0629065572747146,-0.0240140737126375,-0.0123879231214916,-0.0206420362860605,-0.0048404567139464
242.899437778131,-20,61.2548340314297,-2343.12986106538,-0.0706396707164449,-0.024500512674733,-0.013570959426101,-0.0244168524042769,-0.00718175299516359
237.899437778131,-20,61.2998304317177,-2329.07089932583,-0.0783727841581751,-0.0250295698833412,-0.0145131362342551,-0.0282055414193325,-0.0097074176294841
232.899437778131,-20,61.3448268320057,-2264.51516308884,-0.0861058975999054,-0.0256030294287473,-0.0154109107056113,-0.0318176625116199,-0.0124096501865729
227.899437778131,-20,61.3898232322937,-2201.00727519227,-0.0658830466615306,-0.0250245048873472,-0.0155842810775886,-0.0244889719452555,NaN
222.899437778131,-20,61.4348196325816,-2231.91088172042,-0.0634618602268199,-0.0212457065304187,-0.0136346410578005,-0.0275917773240449,NaN
217.899437778131,-20,61.4798160328696,-2221.47739554956,-0.0610406737921093,-0.0178750582905522,-0.0119737644638054,-0.0304058192770414,NaN
212.899437778131,-20,61.5248124331576,-2173.02787080563,-0.0586194873573986,-0.014570483304534,-0.00982396730921118,-0.0334378087074751,NaN
207.899437778131,-20,61.5698088334456,-2080.17109120592,-0.056198300922688,-0.0112208943145356,-0.00823638525522435,-0.0356119680313148,NaN
202.899437778131,-20,61.6148052337335,-2042.45055127168,-0.0537771144879773,-0.00780275997926705,-0.00664880320123751,-0.0383473783342793,NaN
197.899437778131,-20,61.6598016340215,-2001.59175262463,-0.0560368418143874,-0.0108829776382781,-0.00734851936242526,-0.03674275433761,NaN
192.899437778131,-20,61.7047980343095,-1937.51614246814,-0.0598665345408921,-0.015551397990037,-0.00913440259416941,-0.0309983245830898,-0.0032552605338262
187.899437778131,-20,61.7497944345975,-1866.34535514594,-0.0636962272673968,-0.0202198183417959,-0.0109202858259136,-0.0254495890207359,-0.00566938376957473
182.899437778131,-20,61.7947908348854,-1809.18756229309,-0.0675259199939016,-0.0252871825977508,-0.0127061690576577,-0.0215477081192951,-0.00643665234441016
177.899437778131,-20,61.8397872351734,-1809.38731631433,-0.0713556127204063,-0.0305330486957756,-0.0137474565018186,-0.0185745378587633,-0.00653545936219519
172.899437778131,-19.9972561561345,61.8846365118892,-1808.42736121597,-0.074715617295883,-0.0342541636167113,-0.0153400481993835,-0.0172618619797572,-0.00618535470517977
167.899437778131,-19.9846368085118,61.9289562689013,-1787.74694088256,-0.0792117489427155,-0.0339853575010329,-0.0165586142538176,-0.0203603461784802,-0.00664512288955114
162.899437778131,-19.9720174608892,61.9732760259133,-1807.74548759204,-0.083707880589548,-0.0348193504887639,-0.0176082741965125,-0.0226521760650192,-0.00753138494682744
157.899437778131,-19.9593981132665,62.0175957829254,-1879.27125693592,-0.0882040122363804,-0.034554373853092,-0.0188656168739,-0.0252111024468044,-0.00848411682592945
152.899437778131,-19.9467787656439,62.0619155399375,-1834.91526671309,-0.0927001438832129,-0.0342893972174202,-0.0201229595512875,-0.027700195181801,-0.00950668235182015
147.899437778131,-19.9341594180212,62.1062352969496,-1818.15647001353,-0.0971962755300453,-0.0345962266113309,-0.0213270014940312,-0.029597552886217,-0.0106024776133528
142.899437778131,-19.9215400703985,62.1505550539617,-1812.55168147479,-0.101692407176878,-0.0343401569193588,-0.0226223607895748,-0.0324578146444463,-0.0112069505541548
137.899437778131,-19.9030290748523,62.194568093595,-1810.18177015291,-0.0986355121883383,-0.0348556931834122,-0.0236189441562729,-0.0342344085360749,-0.00484557406312283
132.899437778131,-19.8812073256835,62.2384087764129,-1810,-0.102869924600307,-0.0358048258278246,-0.0244476333273985,-0.0363108464128562,-0.00519666294096286
127.899437778131,-19.8593855765148,62.2822494592308,-1811,-0.107104337012276,-0.0367539584722369,-0.0252763224985242,-0.0383872842896376,-0.00554775181880289
122.899437778131,-19.8375638273461,62.3260901420487,-1812.42196244303,-0.111338749424244,-0.0377030911166493,-0.0261050116696499,-0.0404637221664189,-0.00589884069664291
117.899437778131,-19.8157420781774,62.3699308248666,-1813,-0.115573161836213,-0.0386522237610616,-0.0262184203978661,-0.0424772677421162,-0.00702810231847642
112.899437778131,-19.7939203290086,62.4137715076845,-1813.36474004861,-0.119807574248182,-0.039601356405474,-0.0270184536866081,-0.0445402622932337,-0.00742129040436405
107.899437778131,-19.7720985798399,62.4576121905024,-1814.96381095926,-0.12404198666015,-0.0405504890498863,-0.0278184869753501,-0.0466032568443511,-0.00781447849025168
102.899437778131,-19.7502947139638,62.5014554312549,-1828.04778422921,-0.104018685609673,-0.0414114844493269,-0.0285767566705091,-0.0327491974235932,NaN
97.8994377781314,-19.7290125959868,62.5453733001545,-1830.29923050186,-0.101749333991311,-0.0390098606909765,-0.0280161979317907,-0.0335062683403793,NaN
92.8994377781314,-19.7077304780097,62.5892911690542,-1819.12675571575,-0.0994799823729495,-0.0373213135154854,-0.0275401373885572,-0.0334657644788213,NaN
87.8994377781314,-19.6864483600326,62.6332090379538,-1798.78082511317,-0.0972106307545879,-0.0361579887181313,-0.0262876943050107,-0.0342016431575763,NaN
82.8994377781314,-19.6651662420556,62.6771269068535,-1750.29396113839,-0.0949412791362263,-0.0338114142643918,-0.0264401924206823,-0.0341549392522644,NaN
77.8994377781314,-19.6438841240785,62.7210447757531,-1711.960725291,-0.0926719275178648,-0.0321095264948864,-0.0251875289162952,-0.0348687102827772,NaN
72.8994377781314,-19.6226020061015,62.7649626446528,-1690.19950911674,-0.0904025758995032,-0.0298337042922278,-0.0245252832389007,-0.0355659979194507,NaN
67.8994377781314,-19.6176263159106,62.8072696097353,-1627.86906228998,-0.0545286379503806,-0.0251503117956039,-0.024038561695753,-0.00447529606774053,NaN
62.8994377781314,-19.6387684734458,62.8469964057489,-1613.19744220829,-0.0440488878384055,-0.016681457973061,-0.0218454712876207,-0.0050229727833593,NaN
57.8994377781314,-19.6599106309809,62.8867232017625,-1464.96582268026,-0.0335691377264305,-0.00810726692614339,-0.0198162790780535,-0.00551208852478757,NaN
52.8994377781314,-19.6810527885161,62.9264499977762,-1427.59685141923,-0.0230893876144554,1.89187228215194e-05,-0.017397420858695,-0.00594286487805452,NaN
47.8994377781314,-19.7021949460512,62.9661767937898,-1414.87197569341,-0.0126096375024803,0.00766605792183418,-0.0145578059648208,-0.00631535145588488,NaN
42.8994377781314,-19.7233371035864,63.0059035898035,-1378.53963271095,-0.00212988739050522,0.0149032762626688,-0.0113668051268239,-0.00662930311965992,NaN
37.8994377781314,-19.765268054794,63.0434082333012,-1170.21816282927,0.0177555962321198,0.0163595536294397,0.000335653442407031,NaN,NaN
32.8994377781314,-19.8264420456122,63.0788559527869,-1142.87388043271,0.0140307781907967,0.0128949341762805,0.000226118306862167,NaN,NaN
27.8994377781314,-19.8876160364304,63.1143036722726,-1039.21253281991,0.0103059601494736,0.00968544150133907,-0.000138543606900462,NaN,NaN
22.8994377781314,-19.9487900272486,63.1497513917584,-834.543305110573,0.00658114210815057,0.00653564860445277,-0.000562905298718214,NaN,NaN
17.8994377781314,-20.009282493279,63.1854430727871,-728.883164148527,0.00214346086700797,0.00167248550535919,NaN,NaN,NaN
12.8994377781314,-20.0681984928542,63.2216990725256,-485.153740823929,0.00148757222059499,0.000993810370393108,NaN,NaN,NaN
7.89943777813141,-20.1271144924293,63.2579550722642,-162.939500232894,0.000831683574182007,0.000527966937582007,NaN,NaN,NaN
