Refdist,Lon,Lat,Water_depth,Total,Upper_water,Permanent_pycnocline,Labrador_sea_water_level,Overflow_water
1302.89943777813,-6.208,56.675,-15.381060195979,NaN,NaN,NaN,NaN,NaN
1297.89943777813,-6.28518755775411,56.6885243156749,-22.5243973623362,NaN,NaN,NaN,NaN,NaN
1292.89943777813,-6.35984627240515,56.7059330156902,-41.1633980048146,NaN,NaN,NaN,NaN,NaN
1287.89943777813,-6.43379938921198,56.7232145267395,-21.6882899736771,NaN,NaN,NaN,NaN,NaN
1282.89943777813,-6.51190206270632,56.7315946419213,-35.983620630592,NaN,NaN,NaN,NaN,NaN
1277.89943777813,-6.59327276804972,56.733,-43.3286917147893,NaN,NaN,NaN,NaN,NaN
1272.89943777813,-6.67530195581663,56.733,-38.7762595864474,NaN,NaN,NaN,NaN,NaN
1267.89943777813,-6.75733114358354,56.733,-25.6288069209906,NaN,NaN,NaN,NaN,NaN
1262.89943777813,-6.83936033135044,56.733,-78.9653886422808,NaN,NaN,NaN,NaN,NaN
1257.89943777813,-6.92138951911735,56.733,-96.9621984733552,NaN,NaN,NaN,NaN,NaN
1252.89943777813,-7.00341870688426,56.733,-127.589980321091,NaN,NaN,NaN,NaN,NaN
1247.89943777813,-7.08544789465116,56.733,-183.294603843169,NaN,NaN,NaN,NaN,NaN
1242.89943777813,-7.16747708241807,56.733,-190.235179303556,NaN,NaN,NaN,NaN,NaN
1237.89943777813,-7.24950627018498,56.733,-102.976605837331,NaN,NaN,NaN,NaN,NaN
1232.89943777813,-7.33153545795189,56.733,-98.2650114738381,0.0124855832933613,NaN,NaN,NaN,NaN
1227.89943777813,-7.41356464571879,56.733,-145.097654991021,0.0113168313329889,0.00269775125740418,NaN,NaN,NaN
1222.89943777813,-7.4955938334857,56.733,-164.821481373081,NaN,NaN,NaN,NaN,NaN
1217.89943777813,-7.57762302125261,56.733,-52.8104717984553,NaN,NaN,NaN,NaN,NaN
1212.89943777813,-7.65828464007842,56.7386144624683,-25.5732169026043,NaN,NaN,NaN,NaN,NaN
1207.89943777813,-7.73884071799207,56.7446622160655,-33.3304520189541,NaN,NaN,NaN,NaN,NaN
1202.89943777813,-7.81820078327276,56.7557403578488,-37.0920495820681,NaN,NaN,NaN,NaN,NaN
1197.89943777813,-7.89736852494423,56.7676274061478,-48.5019608249751,NaN,NaN,NaN,NaN,NaN
1192.89943777813,-7.97658598308737,56.7794949076478,-86.7598909536867,NaN,NaN,NaN,NaN,NaN
1187.89943777813,-8.05581928414498,56.7913561802612,-103.566044117718,NaN,NaN,NaN,NaN,NaN
1182.89943777813,-8.13476598158229,56.8038134024188,-113.066293803353,0.00433254761573147,NaN,NaN,NaN,NaN
1177.89943777813,-8.21355878967834,56.8165906145424,-118.627102477198,0.00568034585221166,NaN,NaN,NaN,NaN
1172.89943777813,-8.29076095090814,56.8316803943487,-127.203270701179,0.00701919385613851,NaN,NaN,NaN,NaN
1167.89943777813,-8.36659444837915,56.8487600108962,-129.859741171384,0.00835034067937694,NaN,NaN,NaN,NaN
1162.89943777813,-8.44208284072306,56.8664241355593,-127.460580085503,0.00977415085045792,0.00381574080970675,NaN,NaN,NaN
1157.89943777813,-8.51690698215271,56.8852133088517,-124.111066869115,0.0124456136935929,0.00499747068176206,NaN,NaN,NaN
1152.89943777813,-8.59173112358236,56.904002482144,-122.617093092909,0.0151170765367279,0.00617920055381737,NaN,NaN,NaN
1147.89943777813,-8.66688429904791,56.9224399259772,-121,0.0167979429780663,0.00689151214028485,NaN,NaN,NaN
1142.89943777813,-8.74269105587698,56.9401787070752,-120,0.0165111243888482,0.00667138814355681,NaN,NaN,NaN
1137.89943777813,-8.81849781270604,56.9579174881732,-122.269726982986,0.0162243057996302,0.00645126414682877,NaN,NaN,NaN
1132.89943777813,-8.89431497290455,56.9756486112683,-135.273026659945,0.0158528854110969,0.00620181759000253,NaN,NaN,NaN
1127.89943777813,-8.97040292999917,56.9931803986173,-173.783570522701,0.0132793030430846,0.00387872865329099,NaN,NaN,NaN
1122.89943777813,-9.04649088709379,57.0107121859663,-228.345535167112,0.0107057206750723,0.00310787074063056,NaN,NaN,NaN
1117.89943777813,-9.12253139411061,57.0283197304678,-316.129745448914,0.0103169597313236,NaN,NaN,NaN,NaN
1112.89943777813,-9.19836291115698,57.0462609411255,-425.495887962062,0.00958224092281895,0.00154136917705755,NaN,NaN,NaN
1107.89943777813,-9.27413544876553,57.0642838621914,-754.174954613597,0.023658329242148,0.0161387313948448,NaN,NaN,NaN
1102.89943777813,-9.34934530414288,57.0830863260357,-933.603529605289,0.0252598578775661,0.0174623583030875,NaN,NaN,NaN
1097.89943777813,-9.42657860076367,57.0991668278258,-1265.18062696593,0.0629911788820953,0.0551671270437474,NaN,NaN,NaN
1092.89943777813,-9.50443257570478,57.1144123842764,-1639.60803990747,0.0604748056342126,0.0527013014543224,NaN,NaN,NaN
1087.89943777813,-9.58211174227366,57.1299610769706,-1813.58438652219,0.101723483405611,0.0652162834701687,0.0192353005714453,0.00913475251811873,NaN
1082.89943777813,-9.65939356504216,57.1461988059251,-1904.21694812979,0.108726802029834,0.0719853284375797,0.0194334737663711,0.00882437675206693,NaN
1077.89943777813,-9.73667538781066,57.1624365348796,-1956.40110784953,0.115730120654058,0.077266670611879,0.0202777989149415,0.00851400098601513,NaN
1072.89943777813,-9.81395721057917,57.1786742638342,-1993.02320936738,0.122733439278281,0.0831691899825633,0.0205009468671268,0.00820362521996333,NaN
1067.89943777813,-9.89117939143122,57.1950533070493,-2034.62595188889,0.153118671984543,0.0886188150153532,0.0208217058144553,0.0318505082149823,NaN
1062.89943777813,-9.96817737735319,57.2119635528594,-2079.62443374358,0.159774744476902,0.09236600289526,0.022045912177801,0.0333944348609648,NaN
1057.89943777813,-10.0451753632752,57.2288737986695,-2119.64794395463,0.166430816969261,0.0961131907751669,0.0227455211843465,0.0354629588637474,NaN
1052.89943777813,-10.1221733491971,57.2457840444796,-2182.96694658848,0.173086889461621,0.0998603786550738,0.0234451301908919,0.0375314828665301,NaN
1047.89943777813,-10.1991713351191,57.2626942902897,-2203.49317438047,0.17974296195398,0.103607566534981,0.0241447391974374,0.0396000068693127,NaN
1042.89943777813,-10.2763600470941,57.2795003992068,-2205.91053451933,0.202861604571246,0.113246844475793,0.0261461387882966,0.0516915005081183,NaN
1037.89943777813,-10.3536041481333,57.2962762655589,-2206.32926828121,0.215159418831178,0.124597253904815,0.0285255935067674,0.0489814694183036,NaN
1032.89943777813,-10.4308482491725,57.313052131911,-2210.28984532107,0.227457233091109,0.134157104956288,0.0309050482252381,0.046271438328489,NaN
1027.89943777813,-10.5080923502118,57.3298279982632,-2233.46427841181,0.239755047351041,0.146565336616754,0.0320733840875607,0.0435614072386744,NaN
1022.89943777813,-10.5857477683059,57.3460511917987,-2254.23712039791,0.138110343705739,0.120927218527575,NaN,NaN,NaN
1017.89943777813,-10.6635184468201,57.3621195138058,-2217.91750731081,0.132041475129438,0.117528829861064,NaN,NaN,NaN
1012.89943777813,-10.7412891253343,57.3781878358129,-1452.26900886761,0.125972606553136,0.112233719317175,NaN,NaN,NaN
1007.89943777813,-10.8193556050734,57.3939459500507,-872.154692014844,0.0852924152253414,0.0715291590193219,NaN,NaN,NaN
1002.89943777813,-10.8975681727279,57.4095508613856,-718.48924325501,0.0712516116630024,0.0593808022640087,NaN,NaN,NaN
997.899437778131,-10.9757970174599,57.425118667044,-672.93026987602,0.0574736351127885,0.0474614465258003,NaN,NaN,NaN
992.899437778131,-11.0556401809567,57.4370064269424,-618.255648149543,0.0697621670500474,0.0582538239071665,NaN,NaN,NaN
987.899437778131,-11.1354833444535,57.4488941868409,-616.775376338341,0.0820506989873063,0.0690462012885327,NaN,NaN,NaN
982.899437778131,-11.2159135300188,57.4596669922014,-674.334044451419,0.0926110385838027,0.0782491953142542,NaN,NaN,NaN
977.899437778131,-11.2988147742697,57.4657464167798,-784.169614226904,0.095896584057057,0.079045327888702,NaN,NaN,NaN
972.899437778131,-11.3817160185205,57.4718258413582,-1352.36434206744,0.0991821295303112,0.0814780978766487,NaN,NaN,NaN
967.899437778131,-11.4648160008655,57.4768675422545,-2022.08347532709,0.119387812122824,0.101961057019703,NaN,NaN,NaN
962.899437778131,-11.5481331152228,57.4807754744476,-1950.28299113356,0.110436732921331,0.094521896743536,NaN,NaN,NaN
957.899437778131,-11.6314502295801,57.4846834066407,-1888.53818752305,0.101485653719839,0.0870827364673692,NaN,NaN,NaN
952.899437778131,-11.7148330221721,57.4883135642319,-1877.63434943631,0.168495469962946,0.097536380313237,0.0242426617222781,0.0328495902567135,NaN
947.899437778131,-11.79838532113,57.4912268243072,-1860.60567138374,0.170091254479999,0.0978393793684334,0.0246865964102576,0.0329229383575598,NaN
942.899437778131,-11.8819376200878,57.4941400843824,-1842.39025290012,0.171687038997051,0.0972670812662496,0.0260055310592092,0.0329965836548141,NaN
937.899437778131,-11.9654899190457,57.4970533444577,-1829.08326929421,0.173282823514104,0.0975496182115115,0.0264666471783548,0.0330732124344288,NaN
932.899437778131,-12.0490422180036,57.4999666045329,-1818.12297351628,0.174878608031157,0.0978372629440023,0.026917184718829,0.0331553120054859,NaN
927.899437778131,-12.1323951277694,57.5043144319777,-1809.32139088409,0.157353413618483,0.0892328104295334,0.0267426784632573,0.0259880583487527,NaN
922.899437778131,-12.2157457253796,57.5086788949432,-1804.98498644987,0.148103607221037,0.0827592090904912,0.0250508176720007,0.0278576839882394,NaN
917.899437778131,-12.2990963229897,57.5130433579088,-1804.21738658374,0.13885380082359,0.0747868253643463,0.0233496563977369,0.0297366101107335,NaN
912.899437778131,-12.3824469205999,57.5174078208743,-1803.77757404981,0.129603994426143,0.0661366901390778,0.0229415660426045,0.0310002168132196,NaN
907.899437778131,-12.4657960135128,57.5218388402908,-1789.9610341631,0.0864257386999326,0.0624339014171493,0.0150556471791403,NaN,NaN
902.899437778131,-12.5491414493857,57.5264316195772,-1701.31598046234,0.0962062192778622,0.070098455062137,0.0167809503304799,NaN,NaN
897.899437778131,-12.6324868852585,57.5310243988635,-1598.95322515794,0.105986699855792,0.0767822829481646,0.0185062534818196,NaN,NaN
892.899437778131,-12.7158323211313,57.5356171781499,-1326.64379980875,0.115767180433721,0.0843585482916016,0.0193391191757499,NaN,NaN
887.899437778131,-12.7992764126463,57.5397825586239,-1049.31026908954,0.041162189269447,0.0276634225852721,NaN,NaN,NaN
882.899437778131,-12.8827890480419,57.5436509913262,-613.885212113968,0.0422933731133795,0.0308680697108199,NaN,NaN,NaN
877.899437778131,-12.9662783009834,57.547758492542,-360.411501150482,0.0224320785009078,0.0117953630477851,NaN,NaN,NaN
872.899437778131,-13.0497314049721,57.5522355903955,-271.160595017249,0.0196502893508006,0.0114097529625285,NaN,NaN,NaN
867.899437778131,-13.1331845089609,57.556712688249,-246.058675934195,0.0168685002006934,0.00955979091783772,NaN,NaN,NaN
862.899437778131,-13.2166683025637,57.5611154091384,-218.333211895203,0.00987716188621163,0.00289824778495673,NaN,NaN,NaN
857.899437778131,-13.3001724888318,57.5654687079486,-187.866154154864,0.00999899497828186,0.00294983728567507,NaN,NaN,NaN
852.899437778131,-13.3836766750999,57.5698220067588,-157.876349300925,0.0101208280703521,0.00300142678639341,NaN,NaN,NaN
847.899437778131,-13.467180861368,57.5741753055689,-126.814737464177,0.0102426611624223,0.00305301628711175,NaN,NaN,NaN
842.899437778131,-13.5461499680333,57.5861375604997,-94.9775799411108,0.010008159993398,0.00296288764185417,NaN,NaN,NaN
837.899437778131,-13.6240591500115,57.5998781569685,-51.2651377144325,0.00969037749012827,0.0028396370726833,NaN,NaN,NaN
832.899437778131,-13.7019683319896,57.6136187534373,-31.0216062420062,0.0093725949868585,0.00271638650351242,NaN,NaN,NaN
827.899437778131,-13.7785456468526,57.6292559984017,-75.465474021984,0.00905635407520489,0.00260154362124446,NaN,NaN,NaN
822.899437778131,-13.8486981800472,57.6540424688011,-109.567981297198,0.00874754963333347,0.00342139318856369,NaN,NaN,NaN
817.899437778131,-13.9188507132418,57.6788289392005,-138.667221251926,0.00843874519146205,0.00330849834415429,NaN,NaN,NaN
812.899437778131,-13.9890032464363,57.7036154095999,-163.588251547563,0.00812994074959063,0.0031956034997449,NaN,NaN,NaN
807.899437778131,-14.0591557796309,57.7284018799992,-185.331050914878,0.0078211363077192,0.0030827086553355,NaN,NaN,NaN
802.899437778131,-14.1265687571036,57.7553674352274,-205.070584698448,0.00971007411030678,0.00522351740342985,NaN,NaN,NaN
797.899437778131,-14.1931824807916,57.7829687292299,-223.707323964202,0.00930102006351896,0.00508266078854555,NaN,NaN,NaN
792.899437778131,-14.2597962044795,57.8105700232324,-241.031857409407,0.00889196601673115,0.00494180417366125,NaN,NaN,NaN
787.899437778131,-14.3264099281675,57.8381713172349,-270.713274619346,0.00848291196994333,0.00480094755877696,NaN,NaN,NaN
782.899437778131,-14.3930236518555,57.8657726112373,-310.305592862688,0.00807385792315551,0.00466009094389266,NaN,NaN,NaN
777.899437778131,-14.4609474479434,57.8924651526657,-341.68026359902,0.0105892229452261,0.00780974936551646,NaN,NaN,NaN
772.899437778131,-14.5295842154482,57.9186631301218,-375.395425255641,0.0102778976967899,0.00760857583499358,NaN,NaN,NaN
767.899437778131,-14.5982209829529,57.9448611075778,-411.711775235574,0.00996657244835376,0.00740740230447071,NaN,NaN,NaN
762.899437778131,-14.6668577504576,57.9710590850338,-457.191288011653,0.00965524719991758,0.00720622877394783,NaN,NaN,NaN
757.899437778131,-14.7354945179624,57.9972570624899,-497.279599898481,0.0093439219514814,0.00700505524342495,NaN,NaN,NaN
752.899437778131,-14.8036289163625,58.023851566545,-519.377643898893,0.0191953229035294,0.0168430839026897,NaN,NaN,NaN
747.899437778131,-14.8712089988196,58.0508835995279,-536.976797048206,0.0205246439597764,0.017516176613656,NaN,NaN,NaN
742.899437778131,-14.9387890812768,58.0779156325107,-553.332056741689,0.0218539650160233,0.0186674119007058,NaN,NaN,NaN
737.899437778131,-15.0063691637339,58.1049476654936,-570.50469030342,0.0231832860722702,0.0198186471877556,NaN,NaN,NaN
732.899437778131,-15.0739492461911,58.1319796984764,-589.103518734842,0.0245126071285172,0.0209698824748054,NaN,NaN,NaN
727.899437778131,-15.1415293286482,58.1590117314593,-650.144516575295,0.0258419281847641,0.0221211177618552,NaN,NaN,NaN
722.899437778131,-15.2099955720541,58.1853729462134,-739.973639209966,0.0299250791178178,0.0269480231036665,NaN,NaN,NaN
717.899437778131,-15.2785321693375,58.2116809035276,-834.534586660969,0.0283783057731343,0.0255464681386904,NaN,NaN,NaN
712.899437778131,-15.3470687666209,58.2379888608417,-916.541921005291,0.0268315324284509,0.0241449131737142,NaN,NaN,NaN
707.899437778131,-15.4156053639043,58.2642968181559,-975.579414707202,0.0252847590837675,0.022743358208738,NaN,NaN,NaN
702.899437778131,-15.4841419611876,58.2906047754701,-1024.2303263399,0.0237379857390841,0.0218077825715249,NaN,NaN,NaN
697.899437778131,-15.553255121492,58.3166480965113,-1067.55923103289,0.0296152863490478,0.0276250508245995,NaN,NaN,NaN
692.899437778131,-15.6225347939679,58.3426149902429,-1100.44017235708,0.0316253226090924,0.0295251714048986,NaN,NaN,NaN
687.899437778131,-15.6918144664439,58.3685818839745,-1115.69808850576,0.033635358869137,0.0314252919851977,NaN,NaN,NaN
682.899437778131,-15.7610941389198,58.3945487777061,-1126.00414710208,0.0356453951291816,0.0333254125654968,NaN,NaN,NaN
677.899437778131,-15.8303738113958,58.4205156714377,-1134.875757611,0.0376554313892261,0.0358330369090736,NaN,NaN,NaN
672.899437778131,-15.8992758780074,58.4468508075397,-1142.94836755422,0.0596895551939872,0.0441184643806413,0.0131212345937079,0.00064667298829307,NaN
667.899437778131,-15.9681630667137,58.4732004526195,-1151.17961387451,0.0640194255262166,0.0460860999776585,0.0157207229377011,NaN,NaN
662.899437778131,-16.0370502554201,58.4995500976993,-1159.66312662471,0.0683492958584459,0.0481777125842861,0.0178719860000803,NaN,NaN
657.899437778131,-16.1059374441264,58.5258997427791,-1169.71245839005,0.0726791661906752,0.0503966946813382,0.0205486330090169,NaN,NaN
652.899437778131,-16.1780052692332,58.5501943080769,-1182.03735289526,0.0799100367896884,0.056125811032118,0.0202348885635884,0.00152141097531222,NaN
647.899437778131,-16.2512462919885,58.5737308443316,-1195.61655411219,0.0861838156750543,0.0624401074540974,0.019727832018511,0.00157686009001277,NaN
642.899437778131,-16.3244873147437,58.5972673805863,-1201.91301759951,0.0924575945604203,0.0687544038760769,0.0197807965171471,0.00107228816099968,NaN
637.899437778131,-16.3966529162878,58.6217549042135,-1201.50614103615,0.0909155350862079,0.0686536548160357,0.0183451467727819,NaN,NaN
632.899437778131,-16.466428443628,58.6483559535588,-1195.95714632412,0.0773864086388862,0.0578292951718685,0.0166503833998455,NaN,NaN
627.899437778131,-16.5362039709681,58.674957002904,-1174.40718794166,0.0638572821915645,0.0470049355277014,0.0149556200269091,NaN,NaN
622.899437778131,-16.6059794983083,58.7015580522493,-1157.00217867805,0.0503281557442429,0.0359670022408794,0.0137279309810597,NaN,NaN
617.899437778131,-16.6728274248072,58.7300554875896,-1144.72671327228,0.0429539805777753,0.0306326166553659,0.0117851562954886,NaN,NaN
612.899437778131,-16.7385381866855,58.7592895339563,-1134.57295820798,0.0379705660434985,0.02718713725317,0.0100885254823696,NaN,NaN
607.899437778131,-16.8042489485638,58.788523580323,-1127.12214241841,0.0329871515092217,0.0241376635296166,0.00799588899060813,NaN,NaN
602.899437778131,-16.8699597104421,58.8177576266897,-1120.53932433985,0.0280037369749449,0.0209169627370931,0.00607447956781667,NaN,NaN
597.899437778131,-16.9356793586002,58.8470464577595,-1113.71839808633,0.0280157468199942,0.0240093835740044,0.00243824626593933,NaN,NaN
592.899437778131,-17.0013997449993,58.8763398401498,-1098.98589325558,0.0334817987096569,0.0271020177219417,0.0041168559666276,NaN,NaN
587.899437778131,-17.0671201313983,58.9056332225401,-1028.19042351935,0.0389478505993197,0.0308482609382352,0.00551658664731778,NaN,NaN
582.899437778131,-17.1369180756015,58.9324337776473,-942.037819942472,0.041595220371493,0.0331524364810844,0.00570000964815866,NaN,NaN
577.899437778131,-17.2091206903017,58.9577642301808,-849.389837296255,0.0425803202129617,0.0346061770931076,0.00516613584204374,NaN,NaN
572.899437778131,-17.2813233050019,58.9830946827143,-786.316275329007,0.0435654200544304,0.0360599177051308,0.00463226203592882,NaN,NaN
567.899437778131,-17.3535259197021,59.0084251352478,-782.494484171571,0.044550519895899,0.0375136583171541,0.0040983882298139,NaN,NaN
562.899437778131,-17.4257252137559,59.0337590049128,-783.025571202532,0.0455980003027788,0.0390123865588111,0.00357668818113056,NaN,NaN
557.899437778131,-17.4975987302616,59.0594281179506,-785.855921617235,0.0527654299214048,0.0444391643396334,0.00473485162528823,NaN,NaN
552.899437778131,-17.5694722467673,59.0850972309883,-837.400483163527,0.0599328595400309,0.0494737026970429,0.0054674120508005,NaN,NaN
547.899437778131,-17.6413457632731,59.1107663440261,-958.069527496205,0.0671002891586568,0.0552152334443956,0.00619997247631278,NaN,NaN
542.899437778131,-17.7132192797788,59.1364354570639,-1155.82405102153,0.0742677187772829,0.0602940968344271,0.00759520025914629,NaN,NaN
537.899437778131,-17.7848989493607,59.1622776909221,-1318.83211575814,0.0894294529429252,0.0649688659959304,0.0158433608521571,NaN,NaN
532.899437778131,-17.8553920297926,59.1891796438784,-1455.87830496838,0.0854814730628265,0.0628312997401675,0.0143984373527034,NaN,NaN
527.899437778131,-17.9258851102244,59.2160815968348,-1555.29510910816,0.0815334931827278,0.0613180309350307,0.0134098505286207,NaN,NaN
522.899437778131,-17.9963781906563,59.2429835497911,-1627.73666907804,0.0775855133026291,0.0594471360297453,0.0116729371396505,NaN,NaN
517.899437778131,-18.0669428192474,59.2698493705046,-1698.68132989658,0.0903136288823522,0.0587760441024797,0.0157987490795359,0.0105456280194532,NaN
512.899437778131,-18.1380044371636,59.2964642086755,-1744.15929188826,0.104478359346269,0.0656802075639765,0.0188475514994534,0.0137018646852128,NaN
507.899437778131,-18.2090660550799,59.3230790468464,-1822.23511359738,0.118643089810186,0.0717464065081824,0.0223157231069881,0.0172766966806461,NaN
502.899437778131,-18.2801276729961,59.3496938850173,-2022.62407447222,0.132807820274102,0.0782551293539985,0.0257026393746967,0.0204902601142954,NaN
497.899437778131,-18.3512068843457,59.3764016961216,-2271.09074160028,0.15807481385134,0.078271808784681,0.0275521107382476,0.0436519046730522,NaN
492.899437778131,-18.4223162400125,59.4032688056156,-2480.74883675131,0.143520548282426,0.0674780212013513,0.0259664175010804,0.0426366084012721,NaN
487.899437778131,-18.4934255956794,59.4301359151096,-2640.43127809424,0.128966282713513,0.057488134575536,0.0240804999163938,0.0411176355194972,NaN
482.899437778131,-18.5645349513462,59.4570030246037,-2706.68580019075,0.1144120171446,0.0469251197414489,0.022767710539979,0.0395986626377223,NaN
477.899437778131,-18.635644307013,59.4838701340977,-2712.10647488778,0.099857751575687,0.0370163599375271,0.0203620104177152,0.038518345471631,NaN
472.899437778131,-18.7067536626799,59.5107372435917,-2712.49990064893,0.0853034860067739,0.0266960288642906,0.01882224917642,0.0369836606938857,NaN
467.899437778131,-18.7778874255709,59.5376116870346,-2711.48652868574,0.10398819655568,0.0185950895394177,0.0172331940934841,0.0627388525626248,0.00354936338212288
462.899437778131,-18.8491565510115,59.5645268045833,-2708.25666529609,0.10951767179003,0.0222765710412575,0.0185614622479243,0.0629816411155664,0.00348257654711834
457.899437778131,-18.9204256764522,59.591441922132,-2703.40363288131,0.115047147024379,0.025450621244592,0.0198897304023645,0.0632244296685081,0.00341578971211379
452.899437778131,-18.9916948018928,59.6183570396807,-2697.74606064558,0.120576622258729,0.0290597201694155,0.0212179985568047,0.0640167985185584,0.00279942258000058
447.899437778131,-19.0629639273335,59.6452721572294,-2692.85129934671,0.126106097493079,0.0326688190942391,0.0220753713858752,0.0647216469716704,0.00274147117019529
442.899437778131,-19.1342330527742,59.6721872747781,-2689.37378097984,0.131635572727429,0.0362779180190627,0.0233876196992663,0.064971619940462,0.00268351976039
437.899437778131,-19.2055021782148,59.6991023923268,-2687.47400627276,0.137165047961779,0.0398870169438863,0.0246998680126573,0.0652215929092535,0.00262556835058472
432.899437778131,-19.2767713036555,59.7260175098754,-2687.48424545843,0.142694523196129,0.0434961158687099,0.0260121163260484,0.065471565878045,0.00256761694077943
427.899437778131,-19.3482315710955,59.7529837068797,-2688.53581946915,0.152852611976336,0.04429626634023,0.0254163865357024,0.0650332990749165,0.0128294347840723
422.899437778131,-19.4198452179143,59.7799908919201,-2691.42952299243,0.147000054549978,0.042842413136031,0.0242395538995718,0.0621741068033802,0.0125661268191254
417.899437778131,-19.4914588647331,59.8069980769605,-2695.135174525,0.14114749712362,0.041388559931832,0.0230627212634412,0.0593149145318439,0.0123028188541784
412.899437778131,-19.563072511552,59.8340052620009,-2700.48785209749,0.135294939697263,0.039934706727633,0.0218858886273106,0.0564557222603076,0.0120395108892315
407.899437778131,-19.6346861583708,59.8610124470413,-2705.44786168076,0.129442382270905,0.0379459932368235,0.0212439162777907,0.0535965299887713,0.0117762029242846
402.899437778131,-19.7062998051897,59.8880196320817,-2710.0968728998,0.123589824844548,0.0365218746372554,0.0200373490370291,0.050737337717235,0.0115128949593376
397.899437778131,-19.7655157986642,59.9181849344218,-2712.6861658374,0.122087602733399,0.0370775910565924,0.0193794452550291,0.0503702954977109,0.0103378157112886
392.899437778131,-19.8053225171351,59.9532944601131,-2711.92411543729,0.130399382254282,0.0416475513838338,0.0205765011617031,0.0525072031398851,0.0111402600726541
387.899437778131,-19.8451292356059,59.9884039858044,-2710.4034982568,0.138711161775164,0.0448087655995091,0.0219158413393933,0.0554643327769072,0.0115605951460224
382.899437778131,-19.8849359540768,60.0235135114957,-2706.86366968938,0.147022941296047,0.0478884390730041,0.0237540662669942,0.0575632031416507,0.0124218454839391
377.899437778131,-19.9247426725476,60.058623037187,-2702.93229818523,0.155334720816929,0.0515545522858547,0.0245251603577451,0.0601033225750149,0.0133225378507292
372.899437778131,-19.9645493910185,60.0937325628783,-2699.32899973792,0.163646500337812,0.0545110537545771,0.02646563872691,0.0626246890334491,0.0137822106581638
367.899437778131,-20,60.1299240242303,-2693.81848658322,0.166144790791683,0.0588627275759408,0.026985845632422,0.0650116213294918,0.0100204829717619
362.899437778131,-20,60.1749204245183,-2679.02905960414,0.164678443117798,0.056070384749514,0.02690459680841,0.0655574871589697,0.0112309450153295
357.899437778131,-20,60.2199168248063,-2665.02509027007,0.163212095443912,0.054030132736658,0.0260712571708273,0.0654759231773894,0.0130688368699552
352.899437778131,-20,60.2649132250942,-2651.52596420336,0.161745747770027,0.0512841655496009,0.0259436327074456,0.0658677415491674,0.0144333463712226
347.899437778131,-20,60.3099096253822,-2639.62147050932,0.160279400096141,0.0492627253349097,0.0246028193388392,0.0666893111173833,0.015856766608911
342.899437778131,-20,60.3549060256702,-2627.52771206994,0.158813052422256,0.0472412851202184,0.0237590541572908,0.06695641938441,0.0173375999607307
337.899437778131,-20,60.3999024259582,-2614.02973042987,0.144783764072192,0.0458073124171725,0.0234023157838269,0.0639700517038491,0.00914382030785826
332.899437778131,-20,60.4448988262461,-2600.53060436316,0.137988013940386,0.0443996144958253,0.0222247408315893,0.0590559157803441,0.00981670593950431
327.899437778131,-20,60.4898952265341,-2566.88184357077,0.131192263808579,0.0429919165744782,0.0210471658793518,0.0548585824062818,0.0097727890217077
322.899437778131,-20,60.5348916268221,-2532.87764535139,0.124396513676773,0.0409962785400244,0.0204575310402209,0.0502422434891091,0.0101478776470215
317.899437778131,-20,60.5798880271101,-2507.44651662824,0.117600763544967,0.0404985448673105,0.019253042190563,0.0457983497953093,0.0103505210489625
312.899437778131,-20,60.6248844273981,-2487.1386575019,0.11080501341316,0.0391169421332485,0.0177205159219016,0.0422650722506479,0.00997058572076841
307.899437778131,-20,60.669880827686,-2439.68668429501,0.111383472055856,0.0376511899161565,0.0188549725929439,0.0427238613253595,0.0104493447961801
302.899437778131,-20,60.714877227974,-2414.64439086745,0.111980920020705,0.0367287354634898,0.0194518693502896,0.0427642145096171,0.0113599441575753
297.899437778131,-20,60.759873628262,-2406.2227197937,0.112578367985553,0.0352742736650156,0.0202044978506048,0.0435858344214076,0.0118655523942758
292.899437778131,-20,60.80487002855,-2388.78522856347,0.113175815950402,0.0338260973153693,0.021310755350586,0.0440379306442501,0.0123807698714304
287.899437778131,-20,60.8498664288379,-2364.05545986518,0.113773263915251,0.0329159856332437,0.0214697146524709,0.0444634000414441,0.013331847704809
282.899437778131,-20,60.8948628291259,-2353.92497952961,0.114985339875128,0.0324498802626048,0.0219199550562171,0.0462054847749169,0.0128381081120524
277.899437778131,-20,60.9398592294139,-2348.60850129653,0.118242818300871,0.0325456014150365,0.0222418932071545,0.0485805004012425,0.0133137716493277
272.899437778131,-20,60.9848556297019,-2346,0.121500296726613,0.0341915141543501,0.023028239870461,0.0509288971780555,0.0133516455237465
267.899437778131,-20,61.0298520299898,-2346,0.124757775152356,0.0327370437198999,0.0233689895792171,0.053722890909419,0.0133895193981653
262.899437778131,-20,61.0748484302778,-2347.4909743435,0.128015253578098,0.0328327648723316,0.0237097392879732,0.0559858365761538,0.0139584413372128
257.899437778131,-20,61.1198448305658,-2349,0.13127273200384,0.0334618855009274,0.0235170895205651,0.058755926941396,0.0140202185777528
252.899437778131,-20,61.1648412308538,-2349,0.134901408482914,0.0355434781981176,0.0266757406478131,0.0626659587806562,0.00843694087697211
247.899437778131,-20,61.2098376311418,-2348.4097789018,0.146063145670648,0.038513872165769,0.0289741242730623,0.0666824516528409,0.0102423431145633
242.899437778131,-20,61.2548340314297,-2343.12986106538,0.157224882858383,0.0415914821896937,0.0318540198151057,0.0705188374259446,0.0115391244781681
237.899437778131,-20,61.2998304317177,-2329.07089932583,0.168386620046117,0.0447785487152827,0.03399170325201,0.0749043368439598,0.0129195478003359
232.899437778131,-20,61.3448268320057,-2264.51516308884,0.179548357233852,0.0480770753290712,0.0360179266007148,0.0792046698519867,0.0143851375324922
227.899437778131,-20,61.3898232322937,-2201.00727519227,0.149762359571818,0.0497253260399236,0.0368574597432269,0.0613092264660532,NaN
222.899437778131,-20,61.4348196325816,-2231.91088172042,0.137708319137858,0.046125065289891,0.0330291055728415,0.0559381117335287,NaN
217.899437778131,-20,61.4798160328696,-2221.47739554956,0.125654278703898,0.0434573010490097,0.0300115389139243,0.049756209489536,NaN
212.899437778131,-20,61.5248124331576,-2173.02787080563,0.113600238269938,0.0407286942159866,0.0257558810201636,0.0441318169735233,NaN
207.899437778131,-20,61.5698088334456,-2080.17109120592,0.101546197835978,0.0380802612035551,0.0228662736379963,0.0374067702452538,NaN
202.899437778131,-20,61.6148052337335,-2042.45055127168,0.0894921574020177,0.0348175219486199,0.019976666255829,0.0312219871995661,NaN
197.899437778131,-20,61.6598016340215,-2001.59175262463,0.088447604306054,0.0345160034864609,0.0185264556988816,0.0320812280374636,NaN
192.899437778131,-20,61.7047980343095,-1937.51614246814,0.0899757572195469,0.0333615847499386,0.0187237768155093,0.0328524353962232,0.00217082063619781
187.899437778131,-20,61.7497944345975,-1866.34535514594,0.0915039101330398,0.0322071660134163,0.0189210979321369,0.0331068203068221,0.00443840736644425
182.899437778131,-20,61.7947908348854,-1809.18756229309,0.0930320630465328,0.0316267763931316,0.0191184190487645,0.0338487023595523,0.00621849695455933
177.899437778131,-20,61.8397872351734,-1809.38731631433,0.0945602159600257,0.0309459271430693,0.0183475221568222,0.0349880789885165,0.00808854301555489
172.899437778131,-19.9972561561345,61.8846365118892,-1808.42736121597,0.0939187399596359,0.0296515284769021,0.0182475606430576,0.0350095752387538,0.00930604789092752
167.899437778131,-19.9846368085118,61.9289562689013,-1787.74694088256,0.0875084660269099,0.0279469894712383,0.0170966425381793,0.032152009550768,0.00869824072807948
162.899437778131,-19.9720174608892,61.9732760259133,-1807.74548759204,0.0810981920941838,0.027149593776022,0.0159592899865302,0.0283887164841326,0.00857220243469766
157.899437778131,-19.9593981132665,62.0175957829254,-1879.27125693592,0.0746879181614578,0.0253898281911694,0.0147957454960719,0.0251679896647923,0.00836469820658448
152.899437778131,-19.9467787656439,62.0619155399375,-1834.91526671309,0.0682776442287317,0.0236300626063168,0.0136322010056135,0.0220305588452589,0.00807389797866425
147.899437778131,-19.9341594180212,62.1062352969496,-1818.15647001353,0.0618673702960057,0.022205600595334,0.0124461935089267,0.0186653526458878,0.00769803256294057
142.899437778131,-19.9215400703985,62.1505550539617,-1812.55168147479,0.0554570963632796,0.0204212365303526,0.0112697955611011,0.0160436982891345,0.00692890780973634
137.899437778131,-19.9030290748523,62.194568093595,-1810.18177015291,0.0512921730658114,0.0198549784847905,0.011487755096984,0.0164798375563095,0.00271420592604879
132.899437778131,-19.8812073256835,62.2384087764129,-1810,0.0553863154888384,0.0199732231401074,0.012489260111153,0.0190892929253263,0.00310558981967948
127.899437778131,-19.8593855765148,62.2822494592308,-1811,0.0594804579118654,0.0200914677954244,0.013490765125322,0.0216987482943431,0.00349697371331018
122.899437778131,-19.8375638273461,62.3260901420487,-1812.42196244303,0.0635746003348924,0.0202097124507413,0.0144922701394911,0.0243082036633599,0.00388835760694087
117.899437778131,-19.8157420781774,62.3699308248666,-1813,0.0676687427579194,0.0203279571060582,0.0150583582151434,0.0268296274109601,0.00480319006050491
112.899437778131,-19.7939203290086,62.4137715076845,-1813.36474004861,0.0717628851809465,0.0204462017613751,0.0160224723160135,0.0294255543407939,0.00524549330661758
107.899437778131,-19.7720985798399,62.4576121905024,-1814.96381095926,0.0758570276039735,0.020564446416692,0.0169865864168835,0.0320214812706277,0.00568779655273024
102.899437778131,-19.7502947139638,62.5014554312549,-1828.04778422921,0.0618986728514794,0.0207947826215776,0.0179255777239534,0.022602831738645,NaN
97.8994377781314,-19.7290125959868,62.5453733001545,-1830.29923050186,0.0652347838371003,0.0238662263768836,0.0180275860894579,0.0226347145976386,NaN
92.8994377781314,-19.7077304780097,62.5892911690542,-1819.12675571575,0.0685708948227211,0.0273350877757924,0.0182759513649386,0.0221228229030531,NaN
87.8994377781314,-19.6864483600326,62.6332090379538,-1798.78082511317,0.071907005808342,0.0312967842521173,0.0180139417825603,0.0221213060663266,NaN
82.8994377781314,-19.6651662420556,62.6771269068535,-1750.29396113839,0.0752431167939629,0.0343080027424409,0.0188007137833308,0.0215990333565755,NaN
77.8994377781314,-19.6438841240785,62.7210447757531,-1711.960725291,0.0785792277795838,0.0378142772987161,0.0186040459716041,0.02156514439337,NaN
72.8994377781314,-19.6226020061015,62.7649626446528,-1690.19950911674,0.0819153387652047,0.0407206494324116,0.019028651197492,0.0215098848151296,NaN
67.8994377781314,-19.6176263159106,62.8072696097353,-1627.86906228998,0.0659872270203626,0.0418103428033138,0.0198743685105159,0.00285978296376212,NaN
62.8994377781314,-19.6387684734458,62.8469964057489,-1613.19744220829,0.0648874019277051,0.0401007577525,0.0200263234201171,0.00338658572880036,NaN
57.8994377781314,-19.6599106309809,62.8867232017625,-1464.96582268026,0.0637875768350476,0.0377997111021595,0.0207596011293783,0.00392352729370522,NaN
52.8994377781314,-19.6810527885161,62.9264499977762,-1427.59685141923,0.0626877517423901,0.0355386901603752,0.0214422271428876,0.004471094845806,NaN
47.8994377781314,-19.7021949460512,62.9661767937898,-1414.87197569341,0.0615879266497326,0.033326385998864,0.0220651808543967,0.00502961791963359,NaN
42.8994377781314,-19.7233371035864,63.0059035898035,-1378.53963271095,0.0604881015570751,0.031753832443732,0.0220371297670989,0.00559939518588906,NaN
37.8994377781314,-19.765268054794,63.0434082333012,-1170.21816282927,0.041238008162376,0.031288241364232,0.00877953396680171,NaN,NaN
32.8994377781314,-19.8264420456122,63.0788559527869,-1142.87388043271,0.0432753358405763,0.0323370714545656,0.00956457673906772,NaN,NaN
27.8994377781314,-19.8876160364304,63.1143036722726,-1039.21253281991,0.0453126635187767,0.0339404005758573,0.00979512048037567,NaN,NaN
22.8994377781314,-19.9487900272486,63.1497513917584,-834.543305110573,0.047349991196977,0.0348467211139155,0.0107226728049171,NaN,NaN
17.8994377781314,-20.009282493279,63.1854430727871,-728.883164148527,0.00956243161427414,0.00776897972238456,NaN,NaN,NaN
12.8994377781314,-20.0681984928542,63.2216990725256,-485.153740823929,0.00794054625141047,0.00586980027591422,NaN,NaN,NaN
7.89943777813141,-20.1271144924293,63.2579550722642,-162.939500232894,0.0063186608885468,0.00483037795284688,NaN,NaN,NaN
