Refdist,Lon,Lat,Water_depth,Total,Upper_water,Permanent_pycnocline,Labrador_sea_water_level,Overflow_water
1302.89943777813,-6.208,56.675,-15.381060195979,NaN,NaN,NaN,NaN,NaN
1297.89943777813,-6.28518755775411,56.6885243156749,-22.5243973623362,NaN,NaN,NaN,NaN,NaN
1292.89943777813,-6.35984627240515,56.7059330156902,-41.1633980048146,NaN,NaN,NaN,NaN,NaN
1287.89943777813,-6.43379938921198,56.7232145267395,-21.6882899736771,NaN,NaN,NaN,NaN,NaN
1282.89943777813,-6.51190206270632,56.7315946419213,-35.983620630592,NaN,NaN,NaN,NaN,NaN
1277.89943777813,-6.59327276804972,56.733,-43.3286917147893,NaN,NaN,NaN,NaN,NaN
1272.89943777813,-6.67530195581663,56.733,-38.7762595864474,NaN,NaN,NaN,NaN,NaN
1267.89943777813,-6.75733114358354,56.733,-25.6288069209906,NaN,NaN,NaN,NaN,NaN
1262.89943777813,-6.83936033135044,56.733,-78.9653886422808,NaN,NaN,NaN,NaN,NaN
1257.89943777813,-6.92138951911735,56.733,-96.9621984733552,NaN,NaN,NaN,NaN,NaN
1252.89943777813,-7.00341870688426,56.733,-127.589980321091,NaN,NaN,NaN,NaN,NaN
1247.89943777813,-7.08544789465116,56.733,-183.294603843169,NaN,NaN,NaN,NaN,NaN
1242.89943777813,-7.16747708241807,56.733,-190.235179303556,NaN,NaN,NaN,NaN,NaN
1237.89943777813,-7.24950627018498,56.733,-102.976605837331,NaN,NaN,NaN,NaN,NaN
1232.89943777813,-7.33153545795189,56.733,-98.2650114738381,0.00952010228139969,NaN,NaN,NaN,NaN
1227.89943777813,-7.41356464571879,56.733,-145.097654991021,0.00368069522641979,0.00409184771995246,NaN,NaN,NaN
1222.89943777813,-7.4955938334857,56.733,-164.821481373081,NaN,NaN,NaN,NaN,NaN
1217.89943777813,-7.57762302125261,56.733,-52.8104717984553,NaN,NaN,NaN,NaN,NaN
1212.89943777813,-7.65828464007842,56.7386144624683,-25.5732169026043,NaN,NaN,NaN,NaN,NaN
1207.89943777813,-7.73884071799207,56.7446622160655,-33.3304520189541,NaN,NaN,NaN,NaN,NaN
1202.89943777813,-7.81820078327276,56.7557403578488,-37.0920495820681,NaN,NaN,NaN,NaN,NaN
1197.89943777813,-7.89736852494423,56.7676274061478,-48.5019608249751,NaN,NaN,NaN,NaN,NaN
1192.89943777813,-7.97658598308737,56.7794949076478,-86.7598909536867,NaN,NaN,NaN,NaN,NaN
1187.89943777813,-8.05581928414498,56.7913561802612,-103.566044117718,NaN,NaN,NaN,NaN,NaN
1182.89943777813,-8.13476598158229,56.8038134024188,-113.066293803353,-0.0030119438539654,NaN,NaN,NaN,NaN
1177.89943777813,-8.21355878967834,56.8165906145424,-118.627102477198,0.000982639751803643,NaN,NaN,NaN,NaN
1172.89943777813,-8.29076095090814,56.8316803943487,-127.203270701179,-0.00062812920019691,NaN,NaN,NaN,NaN
1167.89943777813,-8.36659444837915,56.8487600108962,-129.859741171384,-0.00459406281210811,NaN,NaN,NaN,NaN
1162.89943777813,-8.44208284072306,56.8664241355593,-127.460580085503,-0.00578694542398687,-0.00249890469354675,NaN,NaN,NaN
1157.89943777813,-8.51690698215271,56.8852133088517,-124.111066869115,-0.00295451206497941,-0.00122760365058082,NaN,NaN,NaN
1152.89943777813,-8.59173112358236,56.904002482144,-122.617093092909,-0.000118383076585501,4.48307759581403e-05,NaN,NaN,NaN
1147.89943777813,-8.66688429904791,56.9224399259772,-121,0.00265251779795722,0.00121437543705371,NaN,NaN,NaN
1142.89943777813,-8.74269105587698,56.9401787070752,-120,0.00528961888326276,0.00217811815985511,NaN,NaN,NaN
1137.89943777813,-8.81849781270604,56.9579174881732,-122.269726982986,0.00792953493872748,0.00314253356680749,NaN,NaN,NaN
1132.89943777813,-8.89431497290455,56.9756486112683,-135.273026659945,0.0108583860749389,0.00422850114389461,NaN,NaN,NaN
1127.89943777813,-8.97040292999917,56.9931803986173,-173.783570522701,0.0212392613837579,0.00636680346253023,NaN,NaN,NaN
1122.89943777813,-9.04649088709379,57.0107121859663,-228.345535167112,0.0316259989722414,0.00952770745803296,NaN,NaN,NaN
1117.89943777813,-9.12253139411061,57.0283197304678,-316.129745448914,0.0485710896405689,NaN,NaN,NaN,NaN
1112.89943777813,-9.19836291115698,57.0462609411255,-425.495887962062,0.0494458740664067,0.00847918924968734,NaN,NaN,NaN
1107.89943777813,-9.27413544876553,57.0642838621914,-754.174954613597,0.136927595406855,0.096242551948172,NaN,NaN,NaN
1102.89943777813,-9.34934530414288,57.0830863260357,-933.603529605289,0.108781968173061,0.076371209957207,NaN,NaN,NaN
1097.89943777813,-9.42657860076367,57.0991668278258,-1265.18062696593,0.149967534378704,0.121820373548984,NaN,NaN,NaN
1092.89943777813,-9.50443257570478,57.1144123842764,-1639.60803990747,0.130673138003826,0.105557286017558,NaN,NaN,NaN
1087.89943777813,-9.58211174227366,57.1299610769706,-1813.58438652219,0.106828260535849,0.0956831582073109,-0.00602305134803839,-0.00448010769709542,NaN
1082.89943777813,-9.65939356504216,57.1461988059251,-1904.21694812979,0.08493565105769,0.0817841595482283,-0.00935143718210085,-0.00409554307730416,NaN
1077.89943777813,-9.73667538781066,57.1624365348796,-1956.40110784953,0.0630504079524235,0.0661086369737175,-0.0129317597377352,-0.00371095323336805,NaN
1072.89943777813,-9.81395721057917,57.1786742638342,-1993.02320936738,0.0411725312200494,0.0503199459195549,-0.0163992161058802,-0.00332633816528711,NaN
1067.89943777813,-9.89117939143122,57.1950533070493,-2034.62595188889,0.0285759253350919,0.0321713071044999,-0.0186833098230291,0.00765656795587076,NaN
1062.89943777813,-9.96817737735319,57.2119635528594,-2079.62443374358,0.000874069729013183,0.00514438646710223,-0.0167786253964094,0.00879300069433189,NaN
1057.89943777813,-10.0451753632752,57.2288737986695,-2119.64794395463,-0.0268302146256378,-0.0218804105729377,-0.0145247085371477,0.00958118898144589,NaN
1052.89943777813,-10.1221733491971,57.2457840444796,-2182.96694658848,-0.054536927728861,-0.0489030840156199,-0.0122706687750439,0.0103694037501713,NaN
1047.89943777813,-10.1991713351191,57.2626942902897,-2203.49317438047,-0.0822460695806564,-0.0759236338609444,-0.010016506110098,0.011157645000508,NaN
1042.89943777813,-10.2763600470941,57.2795003992068,-2205.91053451933,-0.135932157032022,-0.10669257363389,-0.0178054986652707,-0.000705176501517046,NaN
1037.89943777813,-10.3536041481333,57.2962762655589,-2206.32926828121,-0.206618996046169,-0.13855180111404,-0.0285123347809938,-0.0259003036956369,NaN
1032.89943777813,-10.4308482491725,57.313052131911,-2210.28984532107,-0.277309369586807,-0.168197691880438,-0.0392204921804216,-0.0510961576175821,NaN
1027.89943777813,-10.5080923502118,57.3298279982632,-2233.46427841181,-0.348003277653938,-0.201556735713223,-0.0480638971630381,-0.0762927382673527,NaN
1022.89943777813,-10.5857477683059,57.3460511917987,-2254.23712039791,-0.196873455063085,-0.173996744692136,NaN,NaN,NaN
1017.89943777813,-10.6635184468201,57.3621195138058,-2217.91750731081,-0.197834490652,-0.178207187560177,NaN,NaN,NaN
1012.89943777813,-10.7412891253343,57.3781878358129,-1452.26900886761,-0.198795533651012,-0.179859147992869,NaN,NaN,NaN
1007.89943777813,-10.8193556050734,57.3939459500507,-872.154692014844,-0.124775805520656,-0.106891609333985,NaN,NaN,NaN
1002.89943777813,-10.8975681727279,57.4095508613856,-718.48924325501,-0.102586454702942,-0.0880287751089157,NaN,NaN,NaN
997.899437778131,-10.9757970174599,57.425118667044,-672.93026987602,-0.0800534394222536,-0.0688730072036214,NaN,NaN,NaN
992.899437778131,-11.0556401809567,57.4370064269424,-618.255648149543,-0.0233461246600804,-0.020537491333734,NaN,NaN,NaN
987.899437778131,-11.1354833444535,57.4488941868409,-616.775376338341,0.0333599107422951,0.027796470831076,NaN,NaN,NaN
982.899437778131,-11.2159135300188,57.4596669922014,-674.334044451419,0.0847610923397009,0.0718251028036366,NaN,NaN,NaN
977.899437778131,-11.2988147742697,57.4657464167798,-784.169614226904,0.113837017702218,0.0959142790309795,NaN,NaN,NaN
972.899437778131,-11.3817160185205,57.4718258413582,-1352.36434206744,0.142913883540241,0.121334688427856,NaN,NaN,NaN
967.899437778131,-11.4648160008655,57.4768675422545,-2022.08347532709,0.231767442685682,0.205966044421948,NaN,NaN,NaN
962.899437778131,-11.5481331152228,57.4807754744476,-1950.28299113356,0.249673637860228,0.219037745458051,NaN,NaN,NaN
957.899437778131,-11.6314502295801,57.4846834066407,-1888.53818752305,0.267578297261268,0.23210822138767,NaN,NaN,NaN
952.899437778131,-11.7148330221721,57.4883135642319,-1877.63434943631,0.405500201592212,0.287296158686279,0.0658934452905736,0.0137769130836777,NaN
947.899437778131,-11.79838532113,57.4912268243072,-1860.60567138374,0.410600251975533,0.275298840202093,0.0693321429112964,0.0284732593829774,NaN
942.899437778131,-11.8819376200878,57.4941400843824,-1842.39025290012,0.415699386445389,0.260617856239014,0.075126549226764,0.0434971040556355,NaN
937.899437778131,-11.9654899190457,57.4970533444577,-1829.08326929421,0.420797605001779,0.248732824642027,0.0778138252164531,0.0588320423143956,NaN
932.899437778131,-12.0490422180036,57.4999666045329,-1818.12297351628,0.425894907644705,0.236918005447998,0.0801373168403886,0.0744603204543563,NaN
927.899437778131,-12.1323951277694,57.5043144319777,-1809.32139088409,0.313193065125753,0.182787905245863,0.0617105438655006,0.0405994941010888,NaN
922.899437778131,-12.2157457253796,57.5086788949432,-1804.98498644987,0.215081828238856,0.133069317601327,0.0396063658697714,0.0229649862718615,NaN
917.899437778131,-12.2990963229897,57.5130433579088,-1804.21738658374,0.116976505153163,0.0804993673894333,0.0184355486610463,0.00439779807937254,NaN
912.899437778131,-12.3824469205999,57.5174078208743,-1803.77757404981,0.0188770958686729,0.0278031818463771,-0.00188887975907619,-0.0148837032933689,NaN
907.899437778131,-12.4657960135128,57.5218388402908,-1789.9610341631,-0.0322682271660793,-0.02168654784669,-0.0128339098545065,NaN,NaN
902.899437778131,-12.5491414493857,57.5264316195772,-1701.31598046234,-0.0925669598720327,-0.0658216062658793,-0.0239280978602769,NaN,NaN
897.899437778131,-12.6324868852585,57.5310243988635,-1598.95322515794,-0.152862264510604,-0.110124278212125,-0.0350211402830483,NaN,NaN
892.899437778131,-12.7158323211313,57.5356171781499,-1326.64379980875,-0.213154141081793,-0.155964872563365,-0.0445713483297051,NaN,NaN
887.899437778131,-12.7992764126463,57.5397825586239,-1049.31026908954,-0.0460506922902976,-0.03716222370669,NaN,NaN,NaN
882.899437778131,-12.8827890480419,57.5436509913262,-613.885212113968,-0.0218749279095989,-0.0210961820960919,NaN,NaN,NaN
877.899437778131,-12.9662783009834,57.547758492542,-360.411501150482,0.00692893484796754,0.00246160107472574,NaN,NaN,NaN
872.899437778131,-13.0497314049721,57.5522355903955,-271.160595017249,0.0114711700245116,0.00483753085530014,NaN,NaN,NaN
867.899437778131,-13.1331845089609,57.556712688249,-246.058675934195,0.0160203549586437,0.00659531252639122,NaN,NaN,NaN
862.899437778131,-13.2166683025637,57.5611154091384,-218.333211895203,0.0115840980552621,0.0028787744448789,NaN,NaN,NaN
857.899437778131,-13.3001724888318,57.5654687079486,-187.866154154864,0.00740450476866051,0.00175217644349914,NaN,NaN,NaN
852.899437778131,-13.3836766750999,57.5698220067588,-157.876349300925,0.00322662884460528,0.000626011618733362,NaN,NaN,NaN
847.899437778131,-13.467180861368,57.5741753055689,-126.814737464177,-0.000949529716903578,-0.000499720029418421,NaN,NaN,NaN
842.899437778131,-13.5461499680333,57.5861375604997,-94.9775799411108,-0.00413427476305355,-0.00163062514099528,NaN,NaN,NaN
837.899437778131,-13.6240591500115,57.5998781569685,-51.2651377144325,-0.00708734769179746,-0.00276271628104943,NaN,NaN,NaN
832.899437778131,-13.7019683319896,57.6136187534373,-31.0216062420062,-0.0100401988726422,-0.00389471539733767,NaN,NaN,NaN
827.899437778131,-13.7785456468526,57.6292559984017,-75.465474021984,-0.0125609483373011,-0.00479238691201334,NaN,NaN,NaN
822.899437778131,-13.8486981800472,57.6540424688011,-109.567981297198,-0.0129982780118705,-0.00577465105900604,NaN,NaN,NaN
817.899437778131,-13.9188507132418,57.6788289392005,-138.667221251926,-0.0134356314103818,-0.00558441275988019,NaN,NaN,NaN
812.899437778131,-13.9890032464363,57.7036154095999,-163.588251547563,-0.013873008532835,-0.00539417290320493,NaN,NaN,NaN
807.899437778131,-14.0591557796309,57.7284018799992,-185.331050914878,-0.01431040937923,-0.00520393148898026,NaN,NaN,NaN
802.899437778131,-14.1265687571036,57.7553674352274,-205.070584698448,-0.0157036417626353,-0.00733145420630007,NaN,NaN,NaN
797.899437778131,-14.1931824807916,57.7829687292299,-223.707323964202,-0.0132069954730798,-0.00596754245997408,NaN,NaN,NaN
792.899437778131,-14.2597962044795,57.8105700232324,-241.031857409407,-0.0107103818251166,-0.00460367122418663,NaN,NaN,NaN
787.899437778131,-14.3264099281675,57.8381713172349,-270.713274619346,-0.0082138008187458,-0.00323984049893772,NaN,NaN,NaN
782.899437778131,-14.3930236518555,57.8657726112373,-310.305592862688,-0.00571725245396728,-0.00187605028422735,NaN,NaN,NaN
777.899437778131,-14.4609474479434,57.8924651526657,-341.68026359902,-0.000187893315520935,0.00149286604508462,NaN,NaN,NaN
772.899437778131,-14.5295842154482,57.9186631301218,-375.395425255641,0.00492551919363885,0.00502700796982709,NaN,NaN,NaN
767.899437778131,-14.5982209829529,57.9448611075778,-411.711775235574,0.0100405383627046,0.00856250398285177,NaN,NaN,NaN
762.899437778131,-14.6668577504576,57.9710590850338,-457.191288011653,0.0151571641916763,0.0120993540841587,NaN,NaN,NaN
757.899437778131,-14.7354945179624,57.9972570624899,-497.279599898481,0.020275396680554,0.0156375582737477,NaN,NaN,NaN
752.899437778131,-14.8036289163625,58.023851566545,-519.377643898893,0.057391709207184,0.0511935004490572,NaN,NaN,NaN
747.899437778131,-14.8712089988196,58.0508835995279,-536.976797048206,0.0693264346388896,0.0600380368783304,NaN,NaN,NaN
742.899437778131,-14.9387890812768,58.0779156325107,-553.332056741689,0.0812611206722012,0.0701346229136747,NaN,NaN,NaN
737.899437778131,-15.0063691637339,58.1049476654936,-570.50469030342,0.0931957673071189,0.0802310812635045,NaN,NaN,NaN
732.899437778131,-15.0739492461911,58.1319796984764,-589.103518734842,0.105130374543643,0.0903274119278198,NaN,NaN,NaN
727.899437778131,-15.1415293286482,58.1590117314593,-650.144516575295,0.117064942381772,0.100423614906621,NaN,NaN,NaN
722.899437778131,-15.2099955720541,58.1853729462134,-739.973639209966,0.125410324114028,0.112217170434713,NaN,NaN,NaN
717.899437778131,-15.2785321693375,58.2116809035276,-834.534586660969,0.117730323110151,0.105416834692035,NaN,NaN,NaN
712.899437778131,-15.3470687666209,58.2379888608417,-916.541921005291,0.110050165579369,0.0986163922588924,NaN,NaN,NaN
707.899437778131,-15.4156053639043,58.2642968181559,-975.579414707202,0.102369851521682,0.0918158431352852,NaN,NaN,NaN
702.899437778131,-15.4841419611876,58.2906047754701,-1024.2303263399,0.094689380937088,0.0869590397655674,NaN,NaN,NaN
697.899437778131,-15.553255121492,58.3166480965113,-1067.55923103289,0.104206647936165,0.0973365829106118,NaN,NaN,NaN
692.899437778131,-15.6225347939679,58.3426149902429,-1100.44017235708,0.0912910670754459,0.0853240935762073,NaN,NaN,NaN
687.899437778131,-15.6918144664439,58.3685818839745,-1115.69808850576,0.0783755939297485,0.0733116546746089,NaN,NaN,NaN
682.899437778131,-15.7610941389198,58.3945487777061,-1126.00414710208,0.0654602284990725,0.0612992662058164,NaN,NaN,NaN
677.899437778131,-15.8303738113958,58.4205156714377,-1134.875757611,0.0525449707834181,0.0500669161574704,NaN,NaN,NaN
672.899437778131,-15.8992758780074,58.4468508075397,-1142.94836755422,0.0864948008083445,0.0518525427707603,0.0305561095378158,0.00216617031953876,NaN
667.899437778131,-15.9681630667137,58.4732004526195,-1151.17961387451,0.0718007512060052,0.0390396904899554,0.0302692071649404,NaN,NaN
662.899437778131,-16.0370502554201,58.4995500976993,-1159.66312662471,0.0571061161896582,0.0259274498765351,0.0292052043029245,NaN,NaN
657.899437778131,-16.1059374441264,58.5258997427791,-1169.71245839005,0.0424108957593033,0.0125452019329489,0.0296483772381534,NaN,NaN
652.899437778131,-16.1780052692332,58.5501943080769,-1182.03735289526,0.0227364097225779,0.00403580829706476,0.0179519557181867,0.000885513126391841,NaN
647.899437778131,-16.2512462919885,58.5737308443316,-1195.61655411219,-0.0012963484626716,-0.00305830502235223,0.00259793152172461,-0.000419358303556852,NaN
642.899437778131,-16.3244873147437,58.5972673805863,-1201.91301759951,-0.0253276620052527,-0.0101516283126497,-0.0132797876947581,-0.00120200349579542,NaN
637.899437778131,-16.3966529162878,58.6217549042135,-1201.50614103615,-0.0525153899447569,-0.0245332720826757,-0.0266457211570019,NaN,NaN
632.899437778131,-16.466428443628,58.6483559535588,-1195.95714632412,-0.095201546125498,-0.0552878537778116,-0.0372725830870702,NaN,NaN
627.899437778131,-16.5362039709681,58.674957002904,-1174.40718794166,-0.137882988996438,-0.0860389230630987,-0.0478985742174639,NaN,NaN
622.899437778131,-16.6059794983083,58.7015580522493,-1157.00217867805,-0.180559718557576,-0.116504419008597,-0.0601863847695542,NaN,NaN
617.899437778131,-16.6728274248072,58.7300554875896,-1144.72671327228,-0.167838979385791,-0.107189583814768,-0.0568287570071077,NaN,NaN
612.899437778131,-16.7385381866855,58.7592895339563,-1134.57295820798,-0.13360434970476,-0.0810465140504558,-0.04915518297172,NaN,NaN
607.899437778131,-16.8042489485638,58.788523580323,-1127.12214241841,-0.0993731066918052,-0.0564370754587317,-0.0399510636196753,NaN,NaN
602.899437778131,-16.8699597104421,58.8177576266897,-1120.53932433985,-0.0651452503469266,-0.0311800326630411,-0.0313979394457237,NaN,NaN
597.899437778131,-16.9356793586002,58.8470464577595,-1113.71839808633,-0.0603099725561305,-0.0478976994483289,-0.00941489646442473,NaN,NaN
592.899437778131,-17.0013997449993,58.8763398401498,-1098.98589325558,-0.0852230788520062,-0.0667413065028926,-0.0150936032596234,NaN,NaN
587.899437778131,-17.0671201313983,58.9056332225401,-1028.19042351935,-0.110134322353303,-0.0872574622023656,-0.0197666103031475,NaN,NaN
582.899437778131,-17.1369180756015,58.9324337776473,-942.037819942472,-0.0954711731904313,-0.0751460303417866,-0.0175608408193223,NaN,NaN
577.899437778131,-17.2091206903017,58.9577642301808,-849.389837296255,-0.0574748105829105,-0.0437969493953936,-0.0113002214088974,NaN,NaN
572.899437778131,-17.2813233050019,58.9830946827143,-786.316275329007,-0.0194838005914262,-0.0124520077550543,-0.0050416153377825,NaN,NaN
567.899437778131,-17.3535259197021,59.0084251352478,-782.494484171571,0.0185018567840216,0.0188887945792314,0.00121497739402239,NaN,NaN
562.899437778131,-17.4257252137559,59.0337590049128,-783.025571202532,0.0564986220854707,0.0502503801953905,0.00742765265516705,NaN,NaN
557.899437778131,-17.4975987302616,59.0594281179506,-785.855921617235,0.0961046822983125,0.0828159232458268,0.010764425983408,NaN,NaN
552.899437778131,-17.5694722467673,59.0850972309883,-837.400483163527,0.135704912016367,0.115107813248134,0.0131021954705352,NaN,NaN
547.899437778131,-17.6413457632731,59.1107663440261,-958.069527496205,0.175299311239633,0.147944184419417,0.015439236350527,NaN,NaN
542.899437778131,-17.7132192797788,59.1364354570639,-1155.82405102153,0.214887879968111,0.178792899311244,0.0197597732807592,NaN,NaN
537.899437778131,-17.7848989493607,59.1622776909221,-1318.83211575814,0.271326082987727,0.209481758700392,0.0382664649562442,NaN,NaN
532.899437778131,-17.8553920297926,59.1891796438784,-1455.87830496838,0.293171373912533,0.226288283821192,0.0403348047563409,NaN,NaN
527.899437778131,-17.9258851102244,59.2160815968348,-1555.29510910816,0.315010810220562,0.244671142982705,0.0450059396136329,NaN,NaN
522.899437778131,-17.9963781906563,59.2429835497911,-1627.73666907804,0.336844391911814,0.261418450323323,0.0475265510467996,NaN,NaN
517.899437778131,-18.0669428192474,59.2698493705046,-1698.68132989658,0.393487920840703,0.276844504702704,0.0702138556087632,0.0220197356898729,NaN
512.899437778131,-18.1380044371636,59.2964642086755,-1744.15929188826,0.41914896739031,0.284281225930267,0.0805757928372304,0.028991293240135,NaN
507.899437778131,-18.2090660550799,59.3230790468464,-1822.23511359738,0.444804066306107,0.288143000193367,0.0932987371951525,0.0371724374305686,NaN
502.899437778131,-18.2801276729961,59.3496938850173,-2022.62407447222,0.470453217588094,0.294641627479458,0.104425590483688,0.0443056145082282,NaN
497.899437778131,-18.3512068843457,59.3764016961216,-2271.09074160028,0.514587311477854,0.283078804061719,0.109452377245839,0.0960530250299577,NaN
492.899437778131,-18.4223162400125,59.4032688056156,-2480.74883675131,0.462528184943829,0.241589746180328,0.101584632698051,0.0971105454731371,NaN
487.899437778131,-18.4934255956794,59.4301359151096,-2640.43127809424,0.410477347828949,0.203558826553312,0.0917581989720519,0.0966792162613861,NaN
482.899437778131,-18.5645349513462,59.4570030246037,-2706.68580019075,0.358434800133214,0.163295591191185,0.0841759685278391,0.09624790723715,NaN
477.899437778131,-18.635644307013,59.4838701340977,-2712.10647488778,0.306400541856624,0.125702320268211,0.0726388461280097,0.0971144793791572,NaN
472.899437778131,-18.7067536626799,59.5107372435917,-2712.49990064893,0.254374572999179,0.0867097543578032,0.0638647425310481,0.0966284149544454,NaN
467.899437778131,-18.7778874255709,59.5376116870346,-2711.48652868574,0.285206332710112,0.0533786412715278,0.0535895548680399,0.165438997724064,0.00882310369435857
462.899437778131,-18.8491565510115,59.5645268045833,-2708.25666529609,0.245072074169684,0.0480267897835363,0.0461781097433974,0.139624233960862,0.00756033706489241
457.899437778131,-18.9204256764522,59.591441922132,-2703.40363288131,0.204939434060936,0.0419990484470082,0.0387673374347853,0.113810035922578,0.00629756269979944
452.899437778131,-18.9916948018928,59.6183570396807,-2697.74606064558,0.164808412383867,0.0367182193432912,0.0313572379422036,0.0888783890529474,0.00415266540842663
447.899437778131,-19.0629639273335,59.6452721572294,-2692.85129934671,0.124679009138477,0.0314375565737783,0.0235092366110489,0.0632826257042988,0.00311140344601981
442.899437778131,-19.1342330527742,59.6721872747781,-2689.37378097984,0.0845512243247672,0.0261570601384695,0.0162830605306226,0.0370660460965083,0.00207013417114216
437.899437778131,-19.2055021782148,59.6991023923268,-2687.47400627276,0.0444250579427364,0.020876730037365,0.00905754476452704,0.0108500462572734,0.00102885758379367
432.899437778131,-19.2767713036555,59.7260175098754,-2687.48424545843,0.00430050999238493,0.0155965662704646,0.00183268931276207,-0.0153653738134059,-1.24263160256452e-05
427.899437778131,-19.3482315710955,59.7529837068797,-2688.53581946915,-0.0152973011567241,0.0149335133494555,-4.37405777208643e-05,-0.0238408226258082,-0.00864928679523535
422.899437778131,-19.4198452179143,59.7799908919201,-2691.42952299243,-0.00150748836724729,0.0179751669926852,0.00203466455620935,-0.0175650961489935,-0.0066604773181695
417.899437778131,-19.4914588647331,59.8069980769605,-2695.135174525,0.0122819141888245,0.0210166447269245,0.00411296095957865,-0.0112894337957184,-0.00467170080526752
412.899437778131,-19.563072511552,59.8340052620009,-2700.48785209749,0.0260709065114915,0.0240579465521734,0.00619114863238703,-0.005013835565983,-0.0026829572565294
407.899437778131,-19.6346861583708,59.8610124470413,-2705.44786168076,0.0398594886007535,0.0267837406201439,0.00858449943228217,0.00126169854021279,-0.000694246671955136
402.899437778131,-19.7062998051897,59.8880196320817,-2710.0968728998,0.0536476604566105,0.029791284747897,0.0106959340833712,0.00753716852286896,0.00129443094845526
397.899437778131,-19.7655157986642,59.9181849344218,-2712.6861658374,0.0602254403668998,0.0332658164339839,0.0122445337624706,0.00939793313345913,0.000520277605034263
392.899437778131,-19.8053225171351,59.9532944601131,-2711.92411543729,0.0562391375775671,0.0383476453774064,0.0133270965674764,0.00403317622981868,-0.00395634253235622
387.899437778131,-19.8451292356059,59.9884039858044,-2710.4034982568,0.0522529518110407,0.0421112312065693,0.0147674060866628,-0.00113766354701945,-0.00845674912881959
382.899437778131,-19.8849359540768,60.0235135114957,-2706.86366968938,0.0482668830673208,0.0457354821985986,0.0165142297340333,-0.00613447554687788,-0.0132998622944476
377.899437778131,-19.9247426725476,60.058623037187,-2702.93229818523,0.0442809313464073,0.0498968994283119,0.0175427845421586,-0.0107171539341214,-0.0183768587837505
372.899437778131,-19.9645493910185,60.0937325628783,-2699.32899973792,0.0402950966483003,0.0533111198337957,0.0194951527097832,-0.0158115401252763,-0.0231201524583533
367.899437778131,-20,60.1299240242303,-2693.81848658322,0.0510205517581437,0.0591298736065794,0.0209917933887655,-0.0179087075334726,-0.0168193816437914
362.899437778131,-20,60.1749204245183,-2679.02905960414,0.0807581853812301,0.066048026978316,0.0270074900962251,-0.00289832370756306,-0.0157280431462779
357.899437778131,-20,60.2199168248063,-2665.02509027007,0.110497009309561,0.0737984503559269,0.0321922425865354,0.0123475418468544,-0.014872211815629
352.899437778131,-20,60.2649132250942,-2651.52596420336,0.140237023543137,0.0803890777535246,0.0385372623634894,0.0268596216793651,-0.0132819079722636
347.899437778131,-20,60.3099096253822,-2639.62147050932,0.169978228081957,0.088036221577997,0.0431456984898885,0.0418531607042335,-0.0114912710145531
342.899437778131,-20,60.3549060256702,-2627.52771206994,0.199720622926022,0.0956843212706239,0.0483179540156764,0.0560808810507108,-0.00949856763104095
337.899437778131,-20,60.3999024259582,-2614.02973042987,0.232477159454286,0.102496199238521,0.054785826664307,0.0699032788438558,-0.00196731727019028
332.899437778131,-20,60.4448988262461,-2600.53060436316,0.255876911558226,0.107068027298552,0.0597090781664232,0.0833185600298068,-0.00164180044414264
327.899437778131,-20,60.4898952265341,-2566.88184357077,0.279277792150508,0.111640031073988,0.0646324920265217,0.0966336371586533,-0.00121502921254321
322.899437778131,-20,60.5348916268221,-2532.87764535139,0.302679801231131,0.114434958640811,0.071333085720895,0.10960537001995,-0.000444821724611004
317.899437778131,-20,60.5798880271101,-2507.44651662824,0.326082938800096,0.121588375008586,0.0763489707791707,0.122250778201613,0.000652287076841512
312.899437778131,-20,60.6248844273981,-2487.1386575019,0.349487204857403,0.126138593036638,0.0798675207518806,0.136496809045679,0.00164744649160947
307.899437778131,-20,60.669880827686,-2439.68668429501,0.332982862044483,0.116226940467441,0.0758434725016997,0.131693169425973,0.0041935854216091
302.899437778131,-20,60.714877227974,-2414.64439086745,0.316375260909979,0.10826142478935,0.0698140923364596,0.126000271554052,0.00758721030492548
297.899437778131,-20,60.759873628262,-2406.2227197937,0.299767170926012,0.0987258926318241,0.0641622221392962,0.121914911914222,0.0105667312042896
292.899437778131,-20,60.80487002855,-2388.78522856347,0.283158592092584,0.0894608858600628,0.0595369420689859,0.116387981993636,0.0136912950687835
287.899437778131,-20,60.8498664288379,-2364.05545986518,0.266549524409694,0.0817810401201506,0.0523405264059207,0.110802057902685,0.0178621306478524
282.899437778131,-20,60.8948628291259,-2353.92497952961,0.225810781774138,0.064861374043252,0.04219776688181,0.0958060316641398,0.019928555006671
277.899437778131,-20,60.9398592294139,-2348.60850129653,0.149396008283042,0.0362493187380682,0.0269453472544076,0.0674923143893695,0.0169922454773393
272.899437778131,-20,60.9848556297019,-2346,0.0729789599733926,0.00799485555777859,0.0119828649448547,0.0397410911353358,0.013201777915368
267.899437778131,-20,61.0298520299898,-2346,-0.00344036315481031,-0.0209752037577116,-0.0035325036748397,0.0125413997245007,0.00941109011704551
262.899437778131,-20,61.0748484302778,-2347.4909743435,-0.0798619611015666,-0.0495876709483077,-0.0190487006729681,-0.0146480533255422,0.0056093342739274
257.899437778131,-20,61.1198448305658,-2349,-0.156285833866876,-0.0793264667035802,-0.033440259102308,-0.0416316364960214,0.00160079252463362
252.899437778131,-20,61.1648412308538,-2349,-0.193251549187763,-0.0828952951595989,-0.039941488200425,-0.0580506592824548,-0.00883819698419312
247.899437778131,-20,61.2098376311418,-2348.4097789018,-0.22034960148977,-0.0844704740617465,-0.043444351143991,-0.0721233959342911,-0.0169312618897411
242.899437778131,-20,61.2548340314297,-2343.12986106538,-0.247450580198238,-0.086188632798348,-0.0475920818537551,-0.0853129785878793,-0.0251213464616033
237.899437778131,-20,61.2998304317177,-2329.07089932583,-0.274554485313165,-0.0880568997604995,-0.0508974900689524,-0.0985522854262662,-0.0339567657945826
232.899437778131,-20,61.3448268320057,-2264.51516308884,-0.301661316834553,-0.0900815158046894,-0.0540472913582253,-0.111175007738713,-0.0434102831685347
227.899437778131,-20,61.3898232322937,-2201.00727519227,-0.230925786673055,-0.088050837343673,-0.0546534513558119,-0.0855580290173412,NaN
222.899437778131,-20,61.4348196325816,-2231.91088172042,-0.222448717599889,-0.0747588337493398,-0.0478217264242668,-0.0964069983787621,NaN
217.899437778131,-20,61.4798160328696,-2221.47739554956,-0.213970931336872,-0.062900831438701,-0.0419990768108234,-0.106246958052963,NaN
212.899437778131,-20,61.5248124331576,-2173.02787080563,-0.205492427884003,-0.0512755183847024,-0.0344607046025268,-0.116852021320129,NaN
207.899437778131,-20,61.5698088334456,-2080.17109120592,-0.197013207241282,-0.0394898558595574,-0.0288935992503873,-0.124458545842862,NaN
202.899437778131,-20,61.6148052337335,-2042.45055127168,-0.18853326940871,-0.0274627858763859,-0.023325782250359,-0.134027917849565,NaN
197.899437778131,-20,61.6598016340215,-2001.59175262463,-0.196463074106077,-0.0383042901298228,-0.0257829591554464,-0.128434335638904,NaN
192.899437778131,-20,61.7047980343095,-1937.51614246814,-0.20991324679674,-0.0547392154021831,-0.0320519692179376,-0.108364175080413,-0.01138378493047
187.899437778131,-20,61.7497944345975,-1866.34535514594,-0.223366414977187,-0.0711763692526004,-0.0383221811834887,-0.0889742805565242,-0.0198282551314123
182.899437778131,-20,61.7947908348854,-1809.18756229309,-0.236822578647421,-0.0890168607085162,-0.0445935950520995,-0.0753394443860851,-0.0225141322085686
177.899437778131,-20,61.8397872351734,-1809.38731631433,-0.250281737807441,-0.107489830589192,-0.048253013433991,-0.0649510391654266,-0.0228623163957786
172.899437778131,-19.9972561561345,61.8846365118892,-1808.42736121597,-0.262095721548051,-0.120597574218776,-0.0538479533307877,-0.0603659990351959,-0.0216398108244364
167.899437778131,-19.9846368085118,61.9289562689013,-1787.74694088256,-0.277886414281119,-0.119654730981036,-0.0581302138604638,-0.0712079404160654,-0.0232494379342269
162.899437778131,-19.9720174608892,61.9732760259133,-1807.74548759204,-0.293679225777632,-0.122588902420954,-0.0618131036367491,-0.0792281445582403,-0.02635122377241
157.899437778131,-19.9593981132665,62.0175957829254,-1879.27125693592,-0.309474156037588,-0.121660129102148,-0.0662323942791558,-0.0881858432336725,-0.0296859101062339
152.899437778131,-19.9467787656439,62.0619155399375,-1834.91526671309,-0.325271205060988,-0.120731292395124,-0.0706524103406936,-0.0969008776376515,-0.033265206037106
147.899437778131,-19.9341594180212,62.1062352969496,-1818.15647001353,-0.341070372847832,-0.121814291505482,-0.0748775365564875,-0.103545144078387,-0.037101087981719
142.899437778131,-19.9215400703985,62.1505550539617,-1812.55168147479,-0.35687165939812,-0.120916839422267,-0.0794320176039317,-0.113561863922885,-0.0392183047774513
137.899437778131,-19.9030290748523,62.194568093595,-1810.18177015291,-0.346229279157583,-0.122733797487726,-0.0829338576772109,-0.119783248282545,-0.0169563810768944
132.899437778131,-19.8812073256835,62.2384087764129,-1810,-0.361096427010008,-0.12607612608059,-0.0858439027191666,-0.127051342268502,-0.0181852550863918
127.899437778131,-19.8593855765148,62.2822494592308,-1811,-0.375963867977947,-0.129418467642147,-0.0887539644132315,-0.134319758390737,-0.0194141682253533
122.899437778131,-19.8375638273461,62.3260901420487,-1812.42196244303,-0.390831602061401,-0.132760822172398,-0.0916640427594056,-0.14158849664925,-0.0206431204937789
117.899437778131,-19.8157420781774,62.3699308248666,-1813,-0.405699629260369,-0.136103189671344,-0.0920679280034241,-0.148640758525607,-0.0245952006243252
112.899437778131,-19.7939203290086,62.4137715076845,-1813.36474004861,-0.420567949574853,-0.139445570138984,-0.0948775526735783,-0.155863234507869,-0.0259716230898814
107.899437778131,-19.7720985798399,62.4576121905024,-1814.96381095926,-0.435436563004851,-0.142787963575318,-0.0976871920562748,-0.163086028826129,-0.0273480922647519
102.899437778131,-19.7502947139638,62.5014554312549,-1828.04778422921,-0.365377683083392,-0.145819987929536,-0.100350073294983,-0.114619887428528,NaN
97.8994377781314,-19.7290125959868,62.5453733001545,-1830.29923050186,-0.357406503400428,-0.137364403193911,-0.0983892128668913,-0.117277362707689,NaN
92.8994377781314,-19.7077304780097,62.5892911690542,-1819.12675571575,-0.349435315654089,-0.131418092325657,-0.0967141886090387,-0.117139683790068,NaN
87.8994377781314,-19.6864483600326,62.6332090379538,-1798.78082511317,-0.341464119844374,-0.127319550119757,-0.0923180129294232,-0.119723058078804,NaN
82.8994377781314,-19.6651662420556,62.6771269068535,-1750.29396113839,-0.333492915971284,-0.119057890840418,-0.092855359260434,-0.119563594937498,NaN
77.8994377781314,-19.6438841240785,62.7210447757531,-1711.960725291,-0.325521704034819,-0.113064859743345,-0.0884580556986343,-0.122069511052444,NaN
72.8994377781314,-19.6226020061015,62.7649626446528,-1690.19950911674,-0.317550484034978,-0.105052177712273,-0.0861386279138365,-0.124517801549052,NaN
67.8994377781314,-19.6176263159106,62.8072696097353,-1627.86906228998,-0.191766839991475,-0.088559984201401,-0.084428770714481,-0.0156811113477451,NaN
62.8994377781314,-19.6387684734458,62.8469964057489,-1613.19744220829,-0.154902495634661,-0.0587370583953803,-0.0767270666727304,-0.0176013805634299,NaN
57.8994377781314,-19.6599106309809,62.8867232017625,-1464.96582268026,-0.118042461317953,-0.0285458298778212,-0.069603603724942,-0.0193166957386626,NaN
52.8994377781314,-19.6810527885161,62.9264499977762,-1427.59685141923,-0.0811867370413496,6.66117458741198e-05,-0.0611100169719345,-0.0208277115005827,NaN
47.8994377781314,-19.7021949460512,62.9661767937898,-1414.87197569341,-0.044335322804852,0.0269912343873299,-0.051137278069469,-0.0221345736695114,NaN
42.8994377781314,-19.7233371035864,63.0059035898035,-1378.53963271095,-0.00748821860845986,0.0524710745263668,-0.0399275585630647,-0.0232363604893974,NaN
37.8994377781314,-19.765268054794,63.0434082333012,-1170.21816282927,0.0624902824521651,0.0575956507465518,0.00118039229299597,NaN,NaN
32.8994377781314,-19.8264420456122,63.0788559527869,-1142.87388043271,0.0493749837732426,0.0453947399978752,0.00079512193319664,NaN,NaN
27.8994377781314,-19.8876160364304,63.1143036722726,-1039.21253281991,0.036262825421078,0.034093340032022,-0.000487115532928152,NaN,NaN
22.8994377781314,-19.9487900272486,63.1497513917584,-834.543305110573,0.0231538073956715,0.0230042093011719,-0.00197899523042608,NaN,NaN
17.8994377781314,-20.009282493279,63.1854430727871,-728.883164148527,0.00753750721370445,0.00588401911218824,NaN,NaN,NaN
12.8994377781314,-20.0681984928542,63.2216990725256,-485.153740823929,0.00522857666343978,0.00349611347268695,NaN,NaN,NaN
7.89943777813141,-20.1271144924293,63.2579550722642,-162.939500232894,0.00292184171485426,0.00185688293806713,NaN,NaN,NaN
