Refdist,Lon,Lat,Water_depth,Total,Upper_water,Permanent_pycnocline,Labrador_sea_water_level,Overflow_water
1302.89943777813,-6.208,56.675,-15.381060195979,NaN,NaN,NaN,NaN,NaN
1297.89943777813,-6.28518755775411,56.6885243156749,-22.5243973623362,NaN,NaN,NaN,NaN,NaN
1292.89943777813,-6.35984627240515,56.7059330156902,-41.1633980048146,NaN,NaN,NaN,NaN,NaN
1287.89943777813,-6.43379938921198,56.7232145267395,-21.6882899736771,NaN,NaN,NaN,NaN,NaN
1282.89943777813,-6.51190206270632,56.7315946419213,-35.983620630592,NaN,NaN,NaN,NaN,NaN
1277.89943777813,-6.59327276804972,56.733,-43.3286917147893,NaN,NaN,NaN,NaN,NaN
1272.89943777813,-6.67530195581663,56.733,-38.7762595864474,NaN,NaN,NaN,NaN,NaN
1267.89943777813,-6.75733114358354,56.733,-25.6288069209906,NaN,NaN,NaN,NaN,NaN
1262.89943777813,-6.83936033135044,56.733,-78.9653886422808,NaN,NaN,NaN,NaN,NaN
1257.89943777813,-6.92138951911735,56.733,-96.9621984733552,NaN,NaN,NaN,NaN,NaN
1252.89943777813,-7.00341870688426,56.733,-127.589980321091,NaN,NaN,NaN,NaN,NaN
1247.89943777813,-7.08544789465116,56.733,-183.294603843169,NaN,NaN,NaN,NaN,NaN
1242.89943777813,-7.16747708241807,56.733,-190.235179303556,NaN,NaN,NaN,NaN,NaN
1237.89943777813,-7.24950627018498,56.733,-102.976605837331,NaN,NaN,NaN,NaN,NaN
1232.89943777813,-7.33153545795189,56.733,-98.2650114738381,0.528064304226323,NaN,NaN,NaN,NaN
1227.89943777813,-7.41356464571879,56.733,-145.097654991021,0.471225769237849,0.106131619306603,NaN,NaN,NaN
1222.89943777813,-7.4955938334857,56.733,-164.821481373081,NaN,NaN,NaN,NaN,NaN
1217.89943777813,-7.57762302125261,56.733,-52.8104717984553,NaN,NaN,NaN,NaN,NaN
1212.89943777813,-7.65828464007842,56.7386144624683,-25.5732169026043,NaN,NaN,NaN,NaN,NaN
1207.89943777813,-7.73884071799207,56.7446622160655,-33.3304520189541,NaN,NaN,NaN,NaN,NaN
1202.89943777813,-7.81820078327276,56.7557403578488,-37.0920495820681,NaN,NaN,NaN,NaN,NaN
1197.89943777813,-7.89736852494423,56.7676274061478,-48.5019608249751,NaN,NaN,NaN,NaN,NaN
1192.89943777813,-7.97658598308737,56.7794949076478,-86.7598909536867,NaN,NaN,NaN,NaN,NaN
1187.89943777813,-8.05581928414498,56.7913561802612,-103.566044117718,NaN,NaN,NaN,NaN,NaN
1182.89943777813,-8.13476598158229,56.8038134024188,-113.066293803353,0.192789044577932,NaN,NaN,NaN,NaN
1177.89943777813,-8.21355878967834,56.8165906145424,-118.627102477198,0.251220038082476,NaN,NaN,NaN,NaN
1172.89943777813,-8.29076095090814,56.8316803943487,-127.203270701179,0.309289734253338,NaN,NaN,NaN,NaN
1167.89943777813,-8.36659444837915,56.8487600108962,-129.859741171384,0.362080249849285,NaN,NaN,NaN,NaN
1162.89943777813,-8.44208284072306,56.8664241355593,-127.460580085503,0.417321718994308,0.152108092258452,NaN,NaN,NaN
1157.89943777813,-8.51690698215271,56.8852133088517,-124.111066869115,0.534801628411845,0.200350813708479,NaN,NaN,NaN
1152.89943777813,-8.59173112358236,56.904002482144,-122.617093092909,0.653842043526364,0.249149042833428,NaN,NaN,NaN
1147.89943777813,-8.66688429904791,56.9224399259772,-121,0.731030047441735,0.279782147391701,NaN,NaN,NaN
1142.89943777813,-8.74269105587698,56.9401787070752,-120,0.722458471108061,0.273312565580531,NaN,NaN,NaN
1137.89943777813,-8.81849781270604,56.9579174881732,-122.269726982986,0.713773259795985,0.266683212520326,NaN,NaN,NaN
1132.89943777813,-8.89431497290455,56.9756486112683,-135.273026659945,0.701347033730138,0.258688494873289,NaN,NaN,NaN
1127.89943777813,-8.97040292999917,56.9931803986173,-173.783570522701,0.593520993970468,0.162806199414529,NaN,NaN,NaN
1122.89943777813,-9.04649088709379,57.0107121859663,-228.345535167112,0.483858734678103,0.131939715111096,NaN,NaN,NaN
1117.89943777813,-9.12253139411061,57.0283197304678,-316.129745448914,0.470361213674068,NaN,NaN,NaN,NaN
1112.89943777813,-9.19836291115698,57.0462609411255,-425.495887962062,0.439287019230373,0.0659681115898161,NaN,NaN,NaN
1107.89943777813,-9.27413544876553,57.0642838621914,-754.174954613597,1.02524179468001,0.674969866694225,NaN,NaN,NaN
1102.89943777813,-9.34934530414288,57.0830863260357,-933.603529605289,1.09285852427285,0.728198270912841,NaN,NaN,NaN
1097.89943777813,-9.42657860076367,57.0991668278258,-1265.18062696593,2.57975366423497,2.210733767181,NaN,NaN,NaN
1092.89943777813,-9.50443257570478,57.1144123842764,-1639.60803990747,2.47005221440379,2.10553317730271,NaN,NaN,NaN
1087.89943777813,-9.58211174227366,57.1299610769706,-1813.58438652219,3.48732848469417,2.52265769039749,0.510450728961391,0.180902695822892,NaN
1082.89943777813,-9.65939356504216,57.1461988059251,-1904.21694812979,3.71695143589599,2.77869575402727,0.515092263997745,0.17524879679347,NaN
1077.89943777813,-9.73667538781066,57.1624365348796,-1956.40110784953,3.94527070304839,2.97838814745984,0.540100161201365,0.16956077920124,NaN
1072.89943777813,-9.81395721057917,57.1786742638342,-1993.02320936738,4.17229157208721,3.19509182320712,0.545401492828508,0.163838578859002,NaN
1067.89943777813,-9.89117939143122,57.1950533070493,-2034.62595188889,4.49103947978233,3.39441478599713,0.553708748107395,0.534539617438518,NaN
1062.89943777813,-9.96817737735319,57.2119635528594,-2079.62443374358,4.68683987638546,3.53327666954603,0.584560218963228,0.559030420034873,NaN
1057.89943777813,-10.0451753632752,57.2288737986695,-2119.64794395463,4.88272203969162,3.6717974928118,0.604492005149415,0.594849968382637,NaN
1052.89943777813,-10.1221733491971,57.2457840444796,-2182.96694658848,5.07868824711668,3.80997641606471,0.624516044477148,0.630812029544372,NaN
1047.89943777813,-10.1991713351191,57.2626942902897,-2203.49317438047,5.27474081067407,3.94781283323575,0.644633231458754,0.666917153534594,NaN
1042.89943777813,-10.2763600470941,57.2795003992068,-2205.91053451933,5.66603844075714,4.31861338240819,0.700538752031316,0.831979966429641,NaN
1037.89943777813,-10.3536041481333,57.2962762655589,-2206.32926828121,6.01940582872205,4.75822275927332,0.767292456994911,0.789467840178705,NaN
1032.89943777813,-10.4308482491725,57.313052131911,-2210.28984532107,6.3739577677844,5.12336735599086,0.834573221886722,0.74685934271115,NaN
1027.89943777813,-10.5080923502118,57.3298279982632,-2233.46427841181,6.72968099132298,5.59467197164964,0.864879323050216,0.704157341210021,NaN
1022.89943777813,-10.5857477683059,57.3460511917987,-2254.23712039791,5.51473439401644,4.74048120379321,NaN,NaN,NaN
1017.89943777813,-10.6635184468201,57.3621195138058,-2217.91750731081,5.27196466851915,4.61241456562256,NaN,NaN,NaN
1012.89943777813,-10.7412891253343,57.3781878358129,-1452.26900886761,5.02928883805812,4.40375474690796,NaN,NaN,NaN
1007.89943777813,-10.8193556050734,57.3939459500507,-872.154692014844,3.50307545543417,2.86825063043692,NaN,NaN,NaN
1002.89943777813,-10.8975681727279,57.4095508613856,-718.48924325501,2.92150707055108,2.3774592215091,NaN,NaN,NaN
997.899437778131,-10.9757970174599,57.425118667044,-672.93026987602,2.35262486262148,1.89732200493922,NaN,NaN,NaN
992.899437778131,-11.0556401809567,57.4370064269424,-618.255648149543,2.85214131999744,2.32629546009004,NaN,NaN,NaN
987.899437778131,-11.1354833444535,57.4488941868409,-616.775376338341,3.3510553787021,2.75473462047322,NaN,NaN,NaN
982.899437778131,-11.2159135300188,57.4596669922014,-674.334044451419,3.78094237023858,3.12060601100501,NaN,NaN,NaN
977.899437778131,-11.2988147742697,57.4657464167798,-784.169614226904,3.92373107682823,3.15237474968462,NaN,NaN,NaN
972.899437778131,-11.3817160185205,57.4718258413582,-1352.36434206744,4.06716508638527,3.25452963085978,NaN,NaN,NaN
967.899437778131,-11.4648160008655,57.4768675422545,-2022.08347532709,4.79170177665305,3.99491376339913,NaN,NaN,NaN
962.899437778131,-11.5481331152228,57.4807754744476,-1950.28299113356,4.43053209120341,3.70175971522489,NaN,NaN,NaN
957.899437778131,-11.6314502295801,57.4846834066407,-1888.53818752305,4.06983629143815,3.40894344345236,NaN,NaN,NaN
952.899437778131,-11.7148330221721,57.4883135642319,-1877.63434943631,5.07771531229151,3.70343957141171,0.652583007233066,0.572338910588861,NaN
947.899437778131,-11.79838532113,57.4912268243072,-1860.60567138374,5.09643434518087,3.70777918589709,0.663498300337103,0.571684994829473,NaN
942.899437778131,-11.8819376200878,57.4941400843824,-1842.39025290012,5.11460201264027,3.68649535174783,0.701409162038177,0.570961833709522,NaN
937.899437778131,-11.9654899190457,57.4970533444577,-1829.08326929421,5.13221836307134,3.69075181881117,0.712535358378079,0.570223943296634,NaN
932.899437778131,-12.0490422180036,57.4999666045329,-1818.12297351628,5.14928344653094,3.69551365508955,0.723237922317713,0.569497548405259,NaN
927.899437778131,-12.1323951277694,57.5043144319777,-1809.32139088409,4.81986208125533,3.36923570945365,0.718327644552749,0.469136289506343,NaN
922.899437778131,-12.2157457253796,57.5086788949432,-1804.98498644987,4.52413927925023,3.12278699917701,0.672747077488094,0.504304671726046,NaN
917.899437778131,-12.2990963229897,57.5130433579088,-1804.21738658374,4.23017771571039,2.81527893304503,0.627082308495302,0.539887001274602,NaN
912.899437778131,-12.3824469205999,57.5174078208743,-1803.77757404981,3.93805912569588,2.48878221775201,0.616514347192248,0.561810328175856,NaN
907.899437778131,-12.4657960135128,57.5218388402908,-1789.9610341631,3.12331031526626,2.34529710518573,0.429988806682887,NaN,NaN
902.899437778131,-12.5491414493857,57.5264316195772,-1701.31598046234,3.47337100731898,2.63666595561364,0.478298277969115,NaN,NaN
897.899437778131,-12.6324868852585,57.5310243988635,-1598.95322515794,3.82286325111134,2.88674353410039,0.526416798626239,NaN,NaN
892.899437778131,-12.7158323211313,57.5356171781499,-1326.64379980875,4.17171402196143,3.16396662034344,0.546014630788298,NaN,NaN
887.899437778131,-12.7992764126463,57.5397825586239,-1049.31026908954,1.72425625905329,1.1139266849174,NaN,NaN,NaN
882.899437778131,-12.8827890480419,57.5436509913262,-613.885212113968,1.76025995820038,1.23726191648035,NaN,NaN,NaN
877.899437778131,-12.9662783009834,57.547758492542,-360.411501150482,0.964150619220718,0.479224676104855,NaN,NaN,NaN
872.899437778131,-13.0497314049721,57.5522355903955,-271.160595017249,0.834838187079534,0.458484979068381,NaN,NaN,NaN
867.899437778131,-13.1331845089609,57.556712688249,-246.058675934195,0.708342412082541,0.378065803545413,NaN,NaN,NaN
862.899437778131,-13.2166683025637,57.5611154091384,-218.333211895203,0.428616428218366,0.11618809590186,NaN,NaN,NaN
857.899437778131,-13.3001724888318,57.5654687079486,-187.866154154864,0.432125061927629,0.118041754091482,NaN,NaN,NaN
852.899437778131,-13.3836766750999,57.5698220067588,-157.876349300925,0.435649996777082,0.119892905852537,NaN,NaN,NaN
847.899437778131,-13.467180861368,57.5741753055689,-126.814737464177,0.439194009206453,0.12174286187268,NaN,NaN,NaN
842.899437778131,-13.5461499680333,57.5861375604997,-94.9775799411108,0.428360651948211,0.118021645847021,NaN,NaN,NaN
837.899437778131,-13.6240591500115,57.5998781569685,-51.2651377144325,0.41423896340708,0.113014245481156,NaN,NaN,NaN
832.899437778131,-13.7019683319896,57.6136187534373,-31.0216062420062,0.400208745574272,0.108026002510777,NaN,NaN,NaN
827.899437778131,-13.7785456468526,57.6292559984017,-75.465474021984,0.386253919857589,0.103297740518262,NaN,NaN,NaN
822.899437778131,-13.8486981800472,57.6540424688011,-109.567981297198,0.372253048123613,0.13614965653031,NaN,NaN,NaN
817.899437778131,-13.9188507132418,57.6788289392005,-138.667221251926,0.358318651145913,0.130893279781856,NaN,NaN,NaN
812.899437778131,-13.9890032464363,57.7036154095999,-163.588251547563,0.344451192796708,0.125689252948569,NaN,NaN,NaN
807.899437778131,-14.0591557796309,57.7284018799992,-185.331050914878,0.330651209797144,0.120537556856164,NaN,NaN,NaN
802.899437778131,-14.1265687571036,57.7553674352274,-205.070584698448,0.399021542131724,0.201472728848784,NaN,NaN,NaN
797.899437778131,-14.1931824807916,57.7829687292299,-223.707323964202,0.383027972128822,0.196730324557542,NaN,NaN,NaN
792.899437778131,-14.2597962044795,57.8105700232324,-241.031857409407,0.366969176422816,0.191951748771642,NaN,NaN,NaN
787.899437778131,-14.3264099281675,57.8381713172349,-270.713274619346,0.350846290714526,0.187137280315138,NaN,NaN,NaN
782.899437778131,-14.3930236518555,57.8657726112373,-310.305592862688,0.334660701321576,0.182287231622982,NaN,NaN,NaN
777.899437778131,-14.4609474479434,57.8924651526657,-341.68026359902,0.420396928807173,0.297511992622851,NaN,NaN,NaN
772.899437778131,-14.5295842154482,57.9186631301218,-375.395425255641,0.410436681798761,0.292080723848291,NaN,NaN,NaN
767.899437778131,-14.5982209829529,57.9448611075778,-411.711775235574,0.400377685240518,0.286548955851301,NaN,NaN,NaN
762.899437778131,-14.6668577504576,57.9710590850338,-457.191288011653,0.390228027728172,0.280920810949001,NaN,NaN,NaN
757.899437778131,-14.7354945179624,57.9972570624899,-497.279599898481,0.37999691562372,0.275201017668681,NaN,NaN,NaN
752.899437778131,-14.8036289163625,58.023851566545,-519.377643898893,0.75333116175765,0.647930726148822,NaN,NaN,NaN
747.899437778131,-14.8712089988196,58.0508835995279,-536.976797048206,0.806506414251084,0.673129692615422,NaN,NaN,NaN
742.899437778131,-14.9387890812768,58.0779156325107,-553.332056741689,0.859835006838636,0.718186225754145,NaN,NaN,NaN
737.899437778131,-15.0063691637339,58.1049476654936,-570.50469030342,0.913316825801629,0.763357413741948,NaN,NaN,NaN
732.899437778131,-15.0739492461911,58.1319796984764,-589.103518734842,0.966952204686212,0.808644152997433,NaN,NaN,NaN
727.899437778131,-15.1415293286482,58.1590117314593,-650.144516575295,1.02074180662286,0.854047474007475,NaN,NaN,NaN
722.899437778131,-15.2099955720541,58.1853729462134,-739.973639209966,1.15389850426543,1.02105923488015,NaN,NaN,NaN
717.899437778131,-15.2785321693375,58.2116809035276,-834.534586660969,1.09236997816901,0.967196542768838,NaN,NaN,NaN
712.899437778131,-15.3470687666209,58.2379888608417,-916.541921005291,1.03104063101967,0.913413400745749,NaN,NaN,NaN
707.899437778131,-15.4156053639043,58.2642968181559,-975.579414707202,0.969910391857999,0.859709656423894,NaN,NaN,NaN
702.899437778131,-15.4841419611876,58.2906047754701,-1024.2303263399,0.908979229242193,0.825131944239849,NaN,NaN,NaN
697.899437778131,-15.553255121492,58.3166480965113,-1067.55923103289,1.11775931964815,1.03180795305081,NaN,NaN,NaN
692.899437778131,-15.6225347939679,58.3426149902429,-1100.44017235708,1.19318482033776,1.10268621082855,NaN,NaN,NaN
687.899437778131,-15.6918144664439,58.3685818839745,-1115.69808850576,1.26873991946144,1.1736848328837,NaN,NaN,NaN
682.899437778131,-15.7610941389198,58.3945487777061,-1126.00414710208,1.34440918876764,1.24479354558407,NaN,NaN,NaN
677.899437778131,-15.8303738113958,58.4205156714377,-1134.875757611,1.42018049343059,1.34096136578844,NaN,NaN,NaN
672.899437778131,-15.8992758780074,58.4468508075397,-1142.94836755422,1.98983870557423,1.60391868779308,0.344927083890578,0.0133107442647758,NaN
667.899437778131,-15.9681630667137,58.4732004526195,-1151.17961387451,2.13714709845655,1.67081808361686,0.412264803835926,NaN,NaN
662.899437778131,-16.0370502554201,58.4995500976993,-1159.66312662471,2.2849350886899,1.74212143336457,0.470468398940774,NaN,NaN
657.899437778131,-16.1059374441264,58.5258997427791,-1169.71245839005,2.43319181557269,1.81790718727759,0.539604426448752,NaN,NaN
652.899437778131,-16.1780052692332,58.5501943080769,-1182.03735289526,2.64924713482466,2.01894933453334,0.530601920252842,0.0313419763599715,NaN
647.899437778131,-16.2512462919885,58.5737308443316,-1195.61655411219,2.85676178335035,2.24363836021234,0.518493877195405,0.0326586084758704,NaN
642.899437778131,-16.3244873147437,58.5972673805863,-1201.91301759951,3.06425384747868,2.46784239341856,0.517896620967162,0.0221639386041812,NaN
637.899437778131,-16.3966529162878,58.6217549042135,-1201.50614103615,3.04020572363748,2.45700958442712,0.483591585278655,NaN,NaN
632.899437778131,-16.466428443628,58.6483559535588,-1195.95714632412,2.58243640069591,2.06639927362523,0.437375862054918,NaN,NaN
627.899437778131,-16.5362039709681,58.674957002904,-1174.40718794166,2.12700655707623,1.67731593876911,0.391520749939385,NaN,NaN
622.899437778131,-16.6059794983083,58.7015580522493,-1157.00217867805,1.67422272605944,1.28671010894117,0.360339589516176,NaN,NaN
617.899437778131,-16.6728274248072,58.7300554875896,-1144.72671327228,1.42637473298513,1.09466668975129,0.308088710222914,NaN,NaN
612.899437778131,-16.7385381866855,58.7592895339563,-1134.57295820798,1.25798474308393,0.971665631527667,0.264067127604224,NaN,NaN
607.899437778131,-16.8042489485638,58.788523580323,-1127.12214241841,1.09033277051945,0.861361303832745,0.208347451773479,NaN,NaN
602.899437778131,-16.8699597104421,58.8177576266897,-1120.53932433985,0.923439057033494,0.746622330427064,0.158451980761695,NaN,NaN
597.899437778131,-16.9356793586002,58.8470464577595,-1113.71839808633,0.99133544785735,0.855412134398964,0.0726417792956389,NaN,NaN
592.899437778131,-17.0013997449993,58.8763398401498,-1098.98589325558,1.18515022343001,0.965288293686735,0.122632741872445,NaN,NaN
587.899437778131,-17.0671201313983,58.9056332225401,-1028.19042351935,1.37903024090383,1.09828507371413,0.163559406242493,NaN,NaN
582.899437778131,-17.1369180756015,58.9324337776473,-942.037819942472,1.47144212110497,1.17933375461883,0.168126347166016,NaN,NaN
577.899437778131,-17.2091206903017,58.9577642301808,-849.389837296255,1.50410813172992,1.22988870339499,0.151540653932435,NaN,NaN
572.899437778131,-17.2813233050019,58.9830946827143,-786.316275329007,1.53693817182361,1.28055184609579,0.135126677789033,NaN,NaN
567.899437778131,-17.3535259197021,59.0084251352478,-782.494484171571,1.5699574080101,1.33133483269452,0.118901074863736,NaN,NaN
562.899437778131,-17.4257252137559,59.0337590049128,-783.025571202532,1.60538576135509,1.38383921133109,0.103247280096161,NaN,NaN
557.899437778131,-17.4975987302616,59.0594281179506,-785.855921617235,1.85607883488468,1.57822587927665,0.136806747181835,NaN,NaN
552.899437778131,-17.5694722467673,59.0850972309883,-837.400483163527,2.10642622872068,1.75244849914597,0.15728574179788,NaN,NaN
547.899437778131,-17.6413457632731,59.1107663440261,-958.069527496205,2.3564195322419,1.95436547042439,0.177597127663579,NaN,NaN
542.899437778131,-17.7132192797788,59.1364354570639,-1155.82405102153,2.60605893131721,2.1372173194082,0.217657163791604,NaN,NaN
537.899437778131,-17.7848989493607,59.1622776909221,-1318.83211575814,3.07161692100443,2.29988326303324,0.433179756368374,NaN,NaN
532.899437778131,-17.8553920297926,59.1891796438784,-1455.87830496838,2.91864774460701,2.21734272254873,0.390817362196047,NaN,NaN
527.899437778131,-17.9258851102244,59.2160815968348,-1555.29510910816,2.76793710770265,2.16682947711822,0.363384846044946,NaN,NaN
522.899437778131,-17.9963781906563,59.2429835497911,-1627.73666907804,2.6195810087905,2.09522443929164,0.314504226795887,NaN,NaN
517.899437778131,-18.0669428192474,59.2698493705046,-1698.68132989658,2.51395263121895,2.06618223007042,0.387984495952593,0.1781751536495,NaN
512.899437778131,-18.1380044371636,59.2964642086755,-1744.15929188826,2.88814453242646,2.29874374134663,0.460629965520441,0.230665198958351,NaN
507.899437778131,-18.2090660550799,59.3230790468464,-1822.23511359738,3.25729100810412,2.50592374668258,0.548146239554026,0.290909884725754,NaN
502.899437778131,-18.2801276729961,59.3496938850173,-2022.62407447222,3.62141388223547,2.72203100532634,0.628118641746906,0.34375116497241,NaN
497.899437778131,-18.3512068843457,59.3764016961216,-2271.09074160028,3.91563772860262,2.71354410205949,0.670462056271011,0.681805901031009,NaN
492.899437778131,-18.4223162400125,59.4032688056156,-2480.74883675131,3.54065347930745,2.3342425019143,0.633042496003963,0.667622996019563,NaN
487.899437778131,-18.4934255956794,59.4301359151096,-2640.43127809424,3.16858427895866,1.97985020350774,0.582512284566594,0.643457450270882,NaN
482.899437778131,-18.5645349513462,59.4570030246037,-2706.68580019075,2.79942795065895,1.61246170917088,0.549231470823316,0.619322123267206,NaN
477.899437778131,-18.635644307013,59.4838701340977,-2712.10647488778,2.43318266618559,1.26620114704576,0.48957609374213,0.603758442123026,NaN
472.899437778131,-18.7067536626799,59.5107372435917,-2712.49990064893,2.06984728279984,0.910978489461895,0.451250697455781,0.579314993247549,NaN
467.899437778131,-18.7778874255709,59.5376116870346,-2711.48652868574,2.24749326373372,0.633173592234341,0.414024727995164,0.919491090863014,0.042886869173683
462.899437778131,-18.8491565510115,59.5645268045833,-2708.25666529609,2.36449799295798,0.757696213136399,0.444074533024592,0.922824948367693,0.0421434460129514
457.899437778131,-18.9204256764522,59.591441922132,-2703.40363288131,2.48160490343794,0.862821793446973,0.474079535345506,0.926165839936468,0.0413975810065302
452.899437778131,-18.9916948018928,59.6183570396807,-2697.74606064558,2.59877786779732,0.984871093211709,0.504009467814151,0.936359212014953,0.0339170055052596
447.899437778131,-19.0629639273335,59.6452721572294,-2692.85129934671,2.71598706988222,1.1070117274845,0.525024599412508,0.948605631278036,0.033265912829566
442.899437778131,-19.1342330527742,59.6721872747781,-2689.37378097984,2.83320770540973,1.22922015506271,0.554525467329277,0.952058494505757,0.0326127578274305
437.899437778131,-19.2055021782148,59.6991023923268,-2687.47400627276,2.95041898866728,1.35148137818182,0.583897381821985,0.955520021716366,0.0319575853965772
432.899437778131,-19.2767713036555,59.7260175098754,-2687.48424545843,3.06760338492219,1.47378540691839,0.613129579391495,0.958990527075212,0.0313004474042329
427.899437778131,-19.3482315710955,59.7529837068797,-2688.53581946915,3.13263717647856,1.49998985668005,0.600363207431419,0.953246235203813,0.146639820280719
422.899437778131,-19.4198452179143,59.7799908919201,-2691.42952299243,3.01001516580572,1.44915382737322,0.57146131251542,0.91109736449717,0.143758338212235
417.899437778131,-19.4914588647331,59.8069980769605,-2695.135174525,2.88761499929503,1.39844055364314,0.542669403371434,0.868971114193163,0.140871610808865
412.899437778131,-19.563072511552,59.8340052620009,-2700.48785209749,2.76543800750447,1.34785120662431,0.513987672995734,0.826867475642993,0.137979645324009
407.899437778131,-19.6346861583708,59.8610124470413,-2705.44786168076,2.64348576663904,1.28241332186069,0.500645288028487,0.784786446471285,0.13508244967828
402.899437778131,-19.7062998051897,59.8880196320817,-2710.0968728998,2.52176015665697,1.232985033663,0.471310916908463,0.74272803235493,0.132180032535627
397.899437778131,-19.7655157986642,59.9181849344218,-2712.6861658374,2.5002085369726,1.24883739273478,0.456587467700198,0.738580768790603,0.119698846222678
392.899437778131,-19.8053225171351,59.9532944601131,-2711.92411543729,2.66155183415507,1.40037208811001,0.482692474428023,0.770217636473992,0.128818143524338
387.899437778131,-19.8451292356059,59.9884039858044,-2710.4034982568,2.821773514524,1.50348232560618,0.516914537948257,0.814653693786339,0.133203105206272
382.899437778131,-19.8849359540768,60.0235135114957,-2706.86366968938,2.98087313055055,1.6033377156806,0.560775477435818,0.845806256827272,0.142958260273603
377.899437778131,-19.9247426725476,60.058623037187,-2702.93229818523,3.13885040217088,1.71836116726287,0.578976843626064,0.885383420839657,0.153152724672223
372.899437778131,-19.9645493910185,60.0937325628783,-2699.32899973792,3.29570517543341,1.81281956725896,0.625266883834485,0.921714375020584,0.157891597003275
367.899437778131,-20,60.1299240242303,-2693.81848658322,3.40206653550592,1.95523059829366,0.637663272572946,0.959196883849684,0.118090138316321
362.899437778131,-20,60.1749204245183,-2679.02905960414,3.36673036720162,1.86638137109411,0.637855860774126,0.966789599403948,0.131596218718736
357.899437778131,-20,60.2199168248063,-2665.02509027007,3.33153214798341,1.79833271412481,0.616948271329596,0.966400355117081,0.152695030021167
352.899437778131,-20,60.2649132250942,-2651.52596420336,3.29647505875168,1.7106760823307,0.616036128661513,0.97175125409692,0.167810393392182
347.899437778131,-20,60.3099096253822,-2639.62147050932,3.26156244144459,1.64332640105772,0.585810856416132,0.98561608092407,0.183512114675196
342.899437778131,-20,60.3549060256702,-2627.52771206994,3.22679780630672,1.57606679866058,0.564828610803329,0.98914201193767,0.199775151950736
337.899437778131,-20,60.3999024259582,-2614.02973042987,3.0161629458501,1.53449100937798,0.559056096883052,0.945906140415571,0.110042788721626
332.899437778131,-20,60.4448988262461,-2600.53060436316,2.87058771054534,1.48482971284418,0.531426183802996,0.874197891258476,0.117585419667165
327.899437778131,-20,60.4898952265341,-2566.88184357077,2.72554387954496,1.43537631851639,0.503872336196967,0.811960519600923,0.116279441266388
322.899437778131,-20,60.5348916268221,-2532.87764535139,2.58104761200191,1.36947732635159,0.492904326770625,0.744639651765718,0.120240097298571
317.899437778131,-20,60.5798880271101,-2507.44651662824,2.43711884255023,1.35460119337106,0.464773470749995,0.679777164940364,0.122199894565004
312.899437778131,-20,60.6248844273981,-2487.1386575019,2.29378242187055,1.30634044890519,0.430809437567975,0.628935464189107,0.117037109603046
307.899437778131,-20,60.669880827686,-2439.68668429501,2.30103332429981,1.25607673707048,0.458403210574912,0.636945576353642,0.122019643759152
302.899437778131,-20,60.714877227974,-2414.64439086745,2.30866640771811,1.22146254999166,0.470969020664094,0.639687299983894,0.132407046861825
297.899437778131,-20,60.759873628262,-2406.2227197937,2.31629295572431,1.17178901099641,0.491816683716622,0.654823113203571,0.137707334512156
292.899437778131,-20,60.80487002855,-2388.78522856347,2.32391129011867,1.12239813657347,0.519349911789207,0.662908794110863,0.143127874809466
287.899437778131,-20,60.8498664288379,-2364.05545986518,2.33151977806222,1.08871761567587,0.523850273326662,0.673257234642917,0.154105624822804
282.899437778131,-20,60.8948628291259,-2353.92497952961,2.36346888520577,1.0707715348906,0.53404107942308,0.700102892012626,0.148717340358702
277.899437778131,-20,60.9398592294139,-2348.60850129653,2.43093090956731,1.07300634998262,0.542314817981275,0.737814565038532,0.154558467366151
272.899437778131,-20,60.9848556297019,-2346,2.49891925628513,1.13497693409139,0.559696411807489,0.772311347036941,0.154776879721086
267.899437778131,-20,61.0298520299898,-2346,2.56737434179724,1.07922018954238,0.568802754457198,0.815462010954134,0.154995634320906
262.899437778131,-20,61.0748484302778,-2347.4909743435,2.63624308988782,1.08309859214483,0.578069020371721,0.851869713790073,0.161961913789951
257.899437778131,-20,61.1198448305658,-2349,2.70547819542735,1.10297924766896,0.571752234742132,0.894911024143983,0.162462220192012
252.899437778131,-20,61.1648412308538,-2349,2.88164383984775,1.17608200465644,0.649517720206743,0.95346207664697,0.103611089511824
247.899437778131,-20,61.2098376311418,-2348.4097789018,3.12885326061598,1.27737617804107,0.706642753784786,1.01746678321209,0.125319012458916
242.899437778131,-20,61.2548340314297,-2343.12986106538,3.37739328079522,1.38279148145152,0.774608033413331,1.07488580210789,0.140248916866337
237.899437778131,-20,61.2998304317177,-2329.07089932583,3.62726293602826,1.49239873025848,0.827745579703821,1.14348044217912,0.156024987160774
232.899437778131,-20,61.3448268320057,-2264.51516308884,3.87846150121099,1.60625381218302,0.878241994377648,1.21108907014158,0.172660114296635
227.899437778131,-20,61.3898232322937,-2201.00727519227,3.55106517867861,1.66397745792701,0.89476249338089,0.966820639535483,NaN
222.899437778131,-20,61.4348196325816,-2231.91088172042,3.26648410316928,1.54209996270247,0.807898825356461,0.880626783276656,NaN
217.899437778131,-20,61.4798160328696,-2221.47739554956,2.98171594903889,1.45544384835156,0.736258822371728,0.779758471271411,NaN
212.899437778131,-20,61.5248124331576,-2173.02787080563,2.69676277954092,1.36057057013955,0.633541050802059,0.690709988577806,NaN
207.899437778131,-20,61.5698088334456,-2080.17109120592,2.41162768372713,1.27433903581783,0.564144358193559,0.584095663522376,NaN
202.899437778131,-20,61.6148052337335,-2042.45055127168,2.12631546645576,1.16444695575718,0.494321868157158,0.485595696074243,NaN
197.899437778131,-20,61.6598016340215,-2001.59175262463,2.11039972384478,1.15554405301015,0.460349150798236,0.498630679097045,NaN
192.899437778131,-20,61.7047980343095,-1937.51614246814,2.14692270798695,1.11721627729608,0.467453237106563,0.512037835171054,0.02765338120796
187.899437778131,-20,61.7497944345975,-1866.34535514594,2.18344156676577,1.07898826205798,0.47460943477988,0.519256561453792,0.0561537823709804
182.899437778131,-20,61.7947908348854,-1809.18756229309,2.21995551095874,1.06244153706251,0.481814437544998,0.533452378551822,0.0781004536309421
177.899437778131,-20,61.8397872351734,-1809.38731631433,2.25646385458589,1.03849124729253,0.464630195883885,0.556650308067905,0.101172900387396
172.899437778131,-19.9972561561345,61.8846365118892,-1808.42736121597,2.23208928093199,0.995828760982482,0.464328393969373,0.559387642274544,0.115946645921329
167.899437778131,-19.9846368085118,61.9289562689013,-1787.74694088256,2.08453534732522,0.939170559930122,0.437322632595511,0.515446528821,0.108127485197904
162.899437778131,-19.9720174608892,61.9732760259133,-1807.74548759204,1.93647134151665,0.913794877534587,0.406250152520599,0.455954751745597,0.106747719171546
157.899437778131,-19.9593981132665,62.0175957829254,-1879.27125693592,1.78792071557672,0.855218397313511,0.378729315073504,0.406834290108093,0.104340895818129
152.899437778131,-19.9467787656439,62.0619155399375,-1834.91526671309,1.63891566273496,0.796604732993086,0.350964383325504,0.358561931385826,0.100892683853702
147.899437778131,-19.9341594180212,62.1062352969496,-1818.15647001353,1.48950157699762,0.748160611297482,0.319166129814179,0.304703564230118,0.0963908461929654
142.899437778131,-19.9215400703985,62.1505550539617,-1812.55168147479,1.33974453810307,0.688781280188318,0.290944234117196,0.263256668468459,0.0866418396323693
137.899437778131,-19.9030290748523,62.194568093595,-1810.18177015291,1.28829549220751,0.669834413960036,0.297180807770262,0.271670690002628,0.0357893628377297
132.899437778131,-19.8812073256835,62.2384087764129,-1810,1.39016698753126,0.673617357363911,0.322853750721469,0.314471097515019,0.0409653199877068
127.899437778131,-19.8593855765148,62.2822494592308,-1811,1.49200215522357,0.677397812585292,0.348523358452906,0.357309178585737,0.0461516844110524
122.899437778131,-19.8375638273461,62.3260901420487,-1812.42196244303,1.59379758047376,0.681175685197129,0.374188405484329,0.400178710618694,0.051348167033635
117.899437778131,-19.8157420781774,62.3699308248666,-1813,1.69555067260892,0.684950883302551,0.390605896992169,0.445018798380295,0.0636874618612014
112.899437778131,-19.7939203290086,62.4137715076845,-1813.36474004861,1.7972594311156,0.688723317461967,0.415424261065833,0.488044476663545,0.0695969510118618
107.899437778131,-19.7720985798399,62.4576121905024,-1814.96381095926,1.898922287069,0.692492900622584,0.440235767706818,0.531094042517557,0.0755166779463444
102.899437778131,-19.7502947139638,62.5014554312549,-1828.04778422921,1.68079916387917,0.699952001173511,0.464329137644844,0.398076876565734,NaN
97.8994377781314,-19.7290125959868,62.5453733001545,-1830.29923050186,1.76673533775036,0.801918600411082,0.469604239771376,0.399952273941579,NaN
92.8994377781314,-19.7077304780097,62.5892911690542,-1819.12675571575,1.85241223366851,0.916275091496561,0.47405968523328,0.390297977672248,NaN
87.8994377781314,-19.6864483600326,62.6332090379538,-1798.78082511317,1.93781778883339,1.04999577849956,0.467657232107185,0.391458309527245,NaN
82.8994377781314,-19.6651662420556,62.6771269068535,-1750.29396113839,2.02294204975976,1.15068730407066,0.488378630386657,0.381584497261291,NaN
77.8994377781314,-19.6438841240785,62.7210447757531,-1711.960725291,2.10777673194225,1.2663615042661,0.483717446352521,0.382042527020815,NaN
72.8994377781314,-19.6226020061015,62.7649626446528,-1690.19950911674,2.19231488508356,1.36372471683903,0.497614914914098,0.3820823610017,NaN
67.8994377781314,-19.6176263159106,62.8072696097353,-1627.86906228998,1.98738829608479,1.39865689045093,0.518502527857954,0.0583702856026126,NaN
62.8994377781314,-19.6387684734458,62.8469964057489,-1613.19744220829,1.94147020930471,1.33761426278728,0.521283340980885,0.0692626401864488,NaN
57.8994377781314,-19.6599106309809,62.8867232017625,-1464.96582268026,1.89617599346458,1.25947882331496,0.541364305707218,0.0803866218452394,NaN
52.8994377781314,-19.6810527885161,62.9264499977762,-1427.59685141923,1.85150105939523,1.18332215729308,0.559886120573057,0.0917313435785372,NaN
47.8994377781314,-19.7021949460512,62.9661767937898,-1414.87197569341,1.80744064059733,1.10935616053624,0.576691239009863,0.103296113427608,NaN
42.8994377781314,-19.7233371035864,63.0059035898035,-1378.53963271095,1.76398978749421,1.0555201386138,0.573939210084249,0.115077241944953,NaN
37.8994377781314,-19.765268054794,63.0434082333012,-1170.21816282927,1.33550028895967,1.03882149643223,0.255177396918655,NaN,NaN
32.8994377781314,-19.8264420456122,63.0788559527869,-1142.87388043271,1.39084805797209,1.0710420004147,0.276144149404453,NaN,NaN
27.8994377781314,-19.8876160364304,63.1143036722726,-1039.21253281991,1.44529484560746,1.11991335942182,0.279973478008879,NaN,NaN
22.8994377781314,-19.9487900272486,63.1497513917584,-834.543305110573,1.49882595478611,1.14775276165077,0.304512855405323,NaN,NaN
17.8994377781314,-20.009282493279,63.1854430727871,-728.883164148527,0.343988402573679,0.275072210925467,NaN,NaN,NaN
12.8994377781314,-20.0681984928542,63.2216990725256,-485.153740823929,0.286061077353381,0.205839475521851,NaN,NaN,NaN
7.89943777813141,-20.1271144924293,63.2579550722642,-162.939500232894,0.227963191591248,0.169192404902624,NaN,NaN,NaN
