Refdist,Lon,Lat,Water_depth,Total,Upper_water,Permanent_pycnocline,Labrador_sea_water_level,Overflow_water
1302.89943777813,-6.208,56.675,-15.381060195979,NaN,NaN,NaN,NaN,NaN
1297.89943777813,-6.28518755775411,56.6885243156749,-22.5243973623362,NaN,NaN,NaN,NaN,NaN
1292.89943777813,-6.35984627240515,56.7059330156902,-41.1633980048146,NaN,NaN,NaN,NaN,NaN
1287.89943777813,-6.43379938921198,56.7232145267395,-21.6882899736771,NaN,NaN,NaN,NaN,NaN
1282.89943777813,-6.51190206270632,56.7315946419213,-35.983620630592,NaN,NaN,NaN,NaN,NaN
1277.89943777813,-6.59327276804972,56.733,-43.3286917147893,NaN,NaN,NaN,NaN,NaN
1272.89943777813,-6.67530195581663,56.733,-38.7762595864474,NaN,NaN,NaN,NaN,NaN
1267.89943777813,-6.75733114358354,56.733,-25.6288069209906,NaN,NaN,NaN,NaN,NaN
1262.89943777813,-6.83936033135044,56.733,-78.9653886422808,NaN,NaN,NaN,NaN,NaN
1257.89943777813,-6.92138951911735,56.733,-96.9621984733552,NaN,NaN,NaN,NaN,NaN
1252.89943777813,-7.00341870688426,56.733,-127.589980321091,NaN,NaN,NaN,NaN,NaN
1247.89943777813,-7.08544789465116,56.733,-183.294603843169,NaN,NaN,NaN,NaN,NaN
1242.89943777813,-7.16747708241807,56.733,-190.235179303556,NaN,NaN,NaN,NaN,NaN
1237.89943777813,-7.24950627018498,56.733,-102.976605837331,NaN,NaN,NaN,NaN,NaN
1232.89943777813,-7.33153545795189,56.733,-98.2650114738381,0.0438799474223854,NaN,NaN,NaN,NaN
1227.89943777813,-7.41356464571879,56.733,-145.097654991021,0.0397419795571482,0.00951250586086026,NaN,NaN,NaN
1222.89943777813,-7.4955938334857,56.733,-164.821481373081,NaN,NaN,NaN,NaN,NaN
1217.89943777813,-7.57762302125261,56.733,-52.8104717984553,NaN,NaN,NaN,NaN,NaN
1212.89943777813,-7.65828464007842,56.7386144624683,-25.5732169026043,NaN,NaN,NaN,NaN,NaN
1207.89943777813,-7.73884071799207,56.7446622160655,-33.3304520189541,NaN,NaN,NaN,NaN,NaN
1202.89943777813,-7.81820078327276,56.7557403578488,-37.0920495820681,NaN,NaN,NaN,NaN,NaN
1197.89943777813,-7.89736852494423,56.7676274061478,-48.5019608249751,NaN,NaN,NaN,NaN,NaN
1192.89943777813,-7.97658598308737,56.7794949076478,-86.7598909536867,NaN,NaN,NaN,NaN,NaN
1187.89943777813,-8.05581928414498,56.7913561802612,-103.566044117718,NaN,NaN,NaN,NaN,NaN
1182.89943777813,-8.13476598158229,56.8038134024188,-113.066293803353,0.0152227191504698,NaN,NaN,NaN,NaN
1177.89943777813,-8.21355878967834,56.8165906145424,-118.627102477198,0.019978483556993,NaN,NaN,NaN,NaN
1172.89943777813,-8.29076095090814,56.8316803943487,-127.203270701179,0.0246996159823454,NaN,NaN,NaN,NaN
1167.89943777813,-8.36659444837915,56.8487600108962,-129.859741171384,0.0293953195182641,NaN,NaN,NaN,NaN
1162.89943777813,-8.44208284072306,56.8664241355593,-127.460580085503,0.0344468299092339,0.013472946140869,NaN,NaN,NaN
1157.89943777813,-8.51690698215271,56.8852133088517,-124.111066869115,0.0438903622178077,0.0176533490258936,NaN,NaN,NaN
1152.89943777813,-8.59173112358236,56.904002482144,-122.617093092909,0.0533461619712319,0.0218374674990475,NaN,NaN,NaN
1147.89943777813,-8.66688429904791,56.9224399259772,-121,0.0593139634320735,0.0243648473956598,NaN,NaN,NaN
1142.89943777813,-8.74269105587698,56.9401787070752,-120,0.0583323234215281,0.0235948342590948,NaN,NaN,NaN
1137.89943777813,-8.81849781270604,56.9579174881732,-122.269726982986,0.057349604598466,0.0228242784606514,NaN,NaN,NaN
1132.89943777813,-8.89431497290455,56.9756486112683,-135.273026659945,0.0560660769797691,0.0219493046860486,NaN,NaN,NaN
1127.89943777813,-8.97040292999917,56.9931803986173,-173.783570522701,0.0469774886618639,0.0137304997935347,NaN,NaN,NaN
1122.89943777813,-9.04649088709379,57.0107121859663,-228.345535167112,0.0378837711697599,0.011004410738762,NaN,NaN,NaN
1117.89943777813,-9.12253139411061,57.0283197304678,-316.129745448914,0.036520969394636,NaN,NaN,NaN,NaN
1112.89943777813,-9.19836291115698,57.0462609411255,-425.495887962062,0.0339213641794067,0.00546002816027043,NaN,NaN,NaN
1107.89943777813,-9.27413544876553,57.0642838621914,-754.174954613597,0.0837851654137258,0.0571683933344984,NaN,NaN,NaN
1102.89943777813,-9.34934530414288,57.0830863260357,-933.603529605289,0.0894490299247504,0.0618487481118873,NaN,NaN,NaN
1097.89943777813,-9.42657860076367,57.0991668278258,-1265.18062696593,0.222936804889826,0.19524290136664,NaN,NaN,NaN
1092.89943777813,-9.50443257570478,57.1144123842764,-1639.60803990747,0.214036549068908,0.18652145285912,NaN,NaN,NaN
1087.89943777813,-9.58211174227366,57.1299610769706,-1813.58438652219,0.358940290178167,0.230675392247376,0.0676446375512599,0.032001863898048,NaN
1082.89943777813,-9.65939356504216,57.1461988059251,-1904.21694812979,0.383587646878211,0.254601577561361,0.0683401441788735,0.0309155349410209,NaN
1077.89943777813,-9.73667538781066,57.1624365348796,-1956.40110784953,0.408226724470636,0.273269203435301,0.071313071288931,0.0298291347007533,NaN
1072.89943777813,-9.81395721057917,57.1786742638342,-1993.02320936738,0.432857529630082,0.294121158278895,0.072096280371533,0.0287426631770709,NaN
1067.89943777813,-9.89117939143122,57.1950533070493,-2034.62595188889,0.538759430861893,0.313370957052981,0.0732234735142734,0.111396866942981,NaN
1062.89943777813,-9.96817737735319,57.2119635528594,-2079.62443374358,0.562203888851326,0.326608810394922,0.0775249369982196,0.116793588811259,NaN
1057.89943777813,-10.0451753632752,57.2288737986695,-2119.64794395463,0.585650401301271,0.339845625979008,0.0799873103770507,0.124030122957824,NaN
1052.89943777813,-10.1221733491971,57.2457840444796,-2182.96694658848,0.609098967447645,0.353081403633214,0.0824498182091634,0.131266900394682,NaN
1047.89943777813,-10.1991713351191,57.2626942902897,-2203.49317438047,0.632549586805165,0.366316143214161,0.084912460512077,0.138503921131988,NaN
1042.89943777813,-10.2763600470941,57.2795003992068,-2205.91053451933,0.71354841923532,0.40040067895553,0.0919559676383947,0.180746019674662,NaN
1037.89943777813,-10.3536041481333,57.2962762655589,-2206.32926828121,0.75682386950185,0.440542104949554,0.100330705263567,0.171272515641807,NaN
1032.89943777813,-10.4308482491725,57.313052131911,-2210.28984532107,0.80010148684434,0.474346724067139,0.108706477094774,0.161798738837963,NaN
1027.89943777813,-10.5080923502118,57.3298279982632,-2233.46427841181,0.843381270797224,0.518214167682754,0.112815556101927,0.15232468936028,NaN
1022.89943777813,-10.5857477683059,57.3460511917987,-2254.23712039791,0.488591163629257,0.427783196569536,NaN,NaN,NaN
1017.89943777813,-10.6635184468201,57.3621195138058,-2217.91750731081,0.467123235334166,0.415767148381041,NaN,NaN,NaN
1012.89943777813,-10.7412891253343,57.3781878358129,-1452.26900886761,0.445655140932324,0.39703554952968,NaN,NaN,NaN
1007.89943777813,-10.8193556050734,57.3939459500507,-872.154692014844,0.301860233267694,0.253155962890459,NaN,NaN,NaN
1002.89943777813,-10.8975681727279,57.4095508613856,-718.48924325501,0.252162873729931,0.210153273105843,NaN,NaN,NaN
997.899437778131,-10.9757970174599,57.425118667044,-672.93026987602,0.203397738609012,0.167963996698238,NaN,NaN,NaN
992.899437778131,-11.0556401809567,57.4370064269424,-618.255648149543,0.246883705722842,0.206154389379489,NaN,NaN,NaN
987.899437778131,-11.1354833444535,57.4488941868409,-616.775376338341,0.290368716031217,0.244343575059838,NaN,NaN,NaN
982.899437778131,-11.2159135300188,57.4596669922014,-674.334044451419,0.327738665488038,0.276909135402785,NaN,NaN,NaN
977.899437778131,-11.2988147742697,57.4657464167798,-784.169614226904,0.339371300077591,0.279728940382081,NaN,NaN,NaN
972.899437778131,-11.3817160185205,57.4718258413582,-1352.36434206744,0.351004314933418,0.288344818873116,NaN,NaN,NaN
967.899437778131,-11.4648160008655,57.4768675422545,-2022.08347532709,0.42235906122625,0.36068433102931,NaN,NaN,NaN
962.899437778131,-11.5481331152228,57.4807754744476,-1950.28299113356,0.390676057772671,0.334352881298828,NaN,NaN,NaN
957.899437778131,-11.6314502295801,57.4846834066407,-1888.53818752305,0.358995774834427,0.308023900167814,NaN,NaN,NaN
952.899437778131,-11.7148330221721,57.4883135642319,-1877.63434943631,0.593297160716752,0.344800435790893,0.0852584044712669,0.11495186457472,NaN
947.899437778131,-11.79838532113,57.4912268243072,-1860.60567138374,0.598862758401067,0.345851934010777,0.0868177614200436,0.115208334629204,NaN
942.899437778131,-11.8819376200878,57.4941400843824,-1842.39025290012,0.604427354236419,0.343821056888909,0.0914602731703113,0.11546550725342,NaN
937.899437778131,-11.9654899190457,57.4970533444577,-1829.08326929421,0.609990948223037,0.344800547995718,0.093079949609989,0.115732810700462,NaN
932.899437778131,-12.0490422180036,57.4999666045329,-1818.12297351628,0.615553540361155,0.345798245437607,0.0946623076937742,0.116018901618946,NaN
927.899437778131,-12.1323951277694,57.5043144319777,-1809.32139088409,0.554179128107051,0.315381284137849,0.0940500491967439,0.0909767896186632,NaN
922.899437778131,-12.2157457253796,57.5086788949432,-1804.98498644987,0.521586702180355,0.292492872246044,0.0881017694051704,0.0975289727273132,NaN
917.899437778131,-12.2990963229897,57.5130433579088,-1804.21738658374,0.488996253922099,0.264303375067328,0.0821203983955854,0.104114618347688,NaN
912.899437778131,-12.3824469205999,57.5174078208743,-1803.77757404981,0.456407787615082,0.233729240013434,0.0806862591576555,0.108541651181412,NaN
907.899437778131,-12.4657960135128,57.5218388402908,-1789.9610341631,0.305161488697932,0.220634348574578,0.0529950784221576,NaN,NaN
902.899437778131,-12.5491414493857,57.5264316195772,-1701.31598046234,0.339685850524366,0.247719635670059,0.0590650058462105,NaN,NaN
897.899437778131,-12.6324868852585,57.5310243988635,-1598.95322515794,0.374208263690571,0.271333519991015,0.0651343067779247,NaN,NaN
892.899437778131,-12.7158323211313,57.5356171781499,-1326.64379980875,0.408728725624218,0.298090407283437,0.0680574785111287,NaN,NaN
887.899437778131,-12.7992764126463,57.5397825586239,-1049.31026908954,0.145249895269776,0.0978744393047841,NaN,NaN,NaN
882.899437778131,-12.8827890480419,57.5436509913262,-613.885212113968,0.149297048226265,0.109197351301931,NaN,NaN,NaN
877.899437778131,-12.9662783009834,57.547758492542,-360.411501150482,0.0791276481878081,0.0417273128467709,NaN,NaN,NaN
872.899437778131,-13.0497314049721,57.5522355903955,-271.160595017249,0.0693670599750965,0.040350007395689,NaN,NaN,NaN
867.899437778131,-13.1331845089609,57.556712688249,-246.058675934195,0.0595921208603569,0.0337977304955308,NaN,NaN,NaN
862.899437778131,-13.2166683025637,57.5611154091384,-218.333211895203,0.0348920009601571,0.0102429131006429,NaN,NaN,NaN
857.899437778131,-13.3001724888318,57.5654687079486,-187.866154154864,0.0353151208944457,0.0104232339591934,NaN,NaN,NaN
852.899437778131,-13.3836766750999,57.5698220067588,-157.876349300925,0.0357380659245898,0.0106034849851088,NaN,NaN,NaN
847.899437778131,-13.467180861368,57.5741753055689,-126.814737464177,0.0361608357111915,0.0107836661647331,NaN,NaN,NaN
842.899437778131,-13.5461499680333,57.5861375604997,-94.9775799411108,0.0353304985036353,0.0104645937550936,NaN,NaN,NaN
837.899437778131,-13.6240591500115,57.5998781569685,-51.2651377144325,0.0342073903658569,0.0100288793797419,NaN,NaN,NaN
832.899437778131,-13.7019683319896,57.6136187534373,-31.0216062420062,0.033084367330505,0.00959320075285098,NaN,NaN,NaN
827.899437778131,-13.7785456468526,57.6292559984017,-75.465474021984,0.0319672256754282,0.00918730672664725,NaN,NaN,NaN
822.899437778131,-13.8486981800472,57.6540424688011,-109.567981297198,0.0308780447028941,0.0120816694409945,NaN,NaN,NaN
817.899437778131,-13.9188507132418,57.6788289392005,-138.667221251926,0.029788804608623,0.0116830622954529,NaN,NaN,NaN
812.899437778131,-13.9890032464363,57.7036154095999,-163.588251547563,0.0286995054073881,0.0112844518475482,NaN,NaN,NaN
807.899437778131,-14.0591557796309,57.7284018799992,-185.331050914878,0.0276101471165773,0.0108858380954706,NaN,NaN,NaN
802.899437778131,-14.1265687571036,57.7553674352274,-205.070584698448,0.0342850400478297,0.0184488291486443,NaN,NaN,NaN
797.899437778131,-14.1931824807916,57.7829687292299,-223.707323964202,0.0328405068431432,0.0179510744638693,NaN,NaN,NaN
792.899437778131,-14.2597962044795,57.8105700232324,-241.031857409407,0.0313959925902907,0.0174533346135443,NaN,NaN,NaN
787.899437778131,-14.3264099281675,57.8381713172349,-270.713274619346,0.0299514973671616,0.0169556096479402,NaN,NaN,NaN
782.899437778131,-14.3930236518555,57.8657726112373,-310.305592862688,0.0285070212699685,0.0164578996266081,NaN,NaN,NaN
777.899437778131,-14.4609474479434,57.8924651526657,-341.68026359902,0.0373747715013091,0.0275653927520171,NaN,NaN,NaN
772.899437778131,-14.5295842154482,57.9186631301218,-375.395425255641,0.0362816482728439,0.0268604769733692,NaN,NaN,NaN
767.899437778131,-14.5982209829529,57.9448611075778,-411.711775235574,0.0351881821478178,0.0261552906573137,NaN,NaN,NaN
762.899437778131,-14.6668577504576,57.9710590850338,-457.191288011653,0.0340943735632541,0.0254498341134995,NaN,NaN,NaN
757.899437778131,-14.7354945179624,57.9972570624899,-497.279599898481,0.0330002230200402,0.0247441076938439,NaN,NaN,NaN
752.899437778131,-14.8036289163625,58.023851566545,-519.377643898893,0.0677943177376794,0.0594907160739339,NaN,NaN,NaN
747.899437778131,-14.8712089988196,58.0508835995279,-536.976797048206,0.0724891422683861,0.061867841465805,NaN,NaN,NaN
742.899437778131,-14.9387890812768,58.0779156325107,-553.332056741689,0.0771839560616894,0.0659336605063522,NaN,NaN,NaN
737.899437778131,-15.0063691637339,58.1049476654936,-570.50469030342,0.0818787589366743,0.0699994318718252,NaN,NaN,NaN
732.899437778131,-15.0739492461911,58.1319796984764,-589.103518734842,0.0865735507675262,0.0740651554626124,NaN,NaN,NaN
727.899437778131,-15.1415293286482,58.1590117314593,-650.144516575295,0.0912683314693585,0.0781308312123941,NaN,NaN,NaN
722.899437778131,-15.2099955720541,58.1853729462134,-739.973639209966,0.105645219862911,0.0951345022390342,NaN,NaN,NaN
717.899437778131,-15.2785321693375,58.2116809035276,-834.534586660969,0.10018564812903,0.090187322815697,NaN,NaN,NaN
712.899437778131,-15.3470687666209,58.2379888608417,-916.541921005291,0.0947259626755378,0.0852400635962324,NaN,NaN,NaN
707.899437778131,-15.4156053639043,58.2642968181559,-975.579414707202,0.0892661633957524,0.0802927244764437,NaN,NaN,NaN
702.899437778131,-15.4841419611876,58.2906047754701,-1024.2303263399,0.0838062501892134,0.0769907220269789,NaN,NaN,NaN
697.899437778131,-15.553255121492,58.3166480965113,-1067.55923103289,0.104535918321448,0.0975086594026506,NaN,NaN,NaN
692.899437778131,-15.6225347939679,58.3426149902429,-1100.44017235708,0.111630401134324,0.104215267964168,NaN,NaN,NaN
687.899437778131,-15.6918144664439,58.3685818839745,-1115.69808850576,0.118724836871434,0.110921859476977,NaN,NaN,NaN
682.899437778131,-15.7610941389198,58.3945487777061,-1126.00414710208,0.125819223584561,0.117628432148869,NaN,NaN,NaN
677.899437778131,-15.8303738113958,58.4205156714377,-1134.875757611,0.132913559741912,0.126479896159849,NaN,NaN,NaN
672.899437778131,-15.8992758780074,58.4468508075397,-1142.94836755422,0.210307604125269,0.155639738504501,0.0461060018355894,0.00226568237105578,NaN
667.899437778131,-15.9681630667137,58.4732004526195,-1151.17961387451,0.225567773488073,0.162572614362887,0.0552396286203754,NaN,NaN
662.899437778131,-16.0370502554201,58.4995500976993,-1159.66312662471,0.240828554858362,0.169942536738622,0.0628034227502066,NaN,NaN
657.899437778131,-16.1059374441264,58.5258997427791,-1169.71245839005,0.256089948122305,0.177761308396829,0.0722089066531816,NaN,NaN
652.899437778131,-16.1780052692332,58.5501943080769,-1182.03735289526,0.281523020977769,0.197955057507326,0.0711069718526995,0.00533112114225158,NaN
647.899437778131,-16.2512462919885,58.5737308443316,-1195.61655411219,0.303616446441845,0.22021328703398,0.069327490864056,0.0055257756315246,NaN
642.899437778131,-16.3244873147437,58.5972673805863,-1201.91301759951,0.325708554743087,0.242469049067705,0.0695102909663686,0.00375748592954598,NaN
637.899437778131,-16.3966529162878,58.6217549042135,-1201.50614103615,0.320307716716195,0.242099371033941,0.0644713464695841,NaN,NaN
632.899437778131,-16.466428443628,58.6483559535588,-1195.95714632412,0.27262779205479,0.203916906003705,0.0585129527201684,NaN,NaN
627.899437778131,-16.5362039709681,58.674957002904,-1174.40718794166,0.224953172917036,0.165738840173523,0.0525550482026325,NaN,NaN
622.899437778131,-16.6059794983083,58.7015580522493,-1157.00217867805,0.177283905610669,0.12681476589802,0.0482418086744966,NaN,NaN
617.899437778131,-16.6728274248072,58.7300554875896,-1144.72671327228,0.151300254349185,0.108001006662887,0.0414126542546692,NaN,NaN
612.899437778131,-16.7385381866855,58.7592895339563,-1134.57295820798,0.133740081971916,0.0958504061808228,0.0354509817017923,NaN,NaN
607.899437778131,-16.8042489485638,58.788523580323,-1127.12214241841,0.116181663405827,0.0850951381677229,0.0280960198532399,NaN,NaN
602.899437778131,-16.8699597104421,58.8177576266897,-1120.53932433985,0.0986250011605431,0.0737386697801323,0.0213445851683212,NaN,NaN
597.899437778131,-16.9356793586002,58.8470464577595,-1113.71839808633,0.0987447746874432,0.084637235916394,0.00858050025982911,NaN,NaN
592.899437778131,-17.0013997449993,58.8763398401498,-1098.98589325558,0.118006083924847,0.0955377476324788,0.0144876105979765,NaN,NaN
587.899437778131,-17.0671201313983,58.9056332225401,-1028.19042351935,0.137265934967985,0.108740088118373,0.0194126160686584,NaN,NaN
582.899437778131,-17.1369180756015,58.9324337776473,-942.037819942472,0.14658761257225,0.116855972342552,0.0200557447801345,NaN,NaN
577.899437778131,-17.2091206903017,58.9577642301808,-849.389837296255,0.150048632012434,0.12197203255874,0.0181743614374245,NaN,NaN
572.899437778131,-17.2813233050019,58.9830946827143,-786.316275329007,0.153509188915443,0.127087442681095,0.0162935823764121,NaN,NaN
567.899437778131,-17.3535259197021,59.0084251352478,-782.494484171571,0.156969285651065,0.132202203292649,0.0144134082695539,NaN,NaN
562.899437778131,-17.4257252137559,59.0337590049128,-783.025571202532,0.160648695687718,0.137474841516408,0.0125766474255753,NaN,NaN
557.899437778131,-17.4975987302616,59.0594281179506,-785.855921617235,0.18588702571149,0.156591469089866,0.0166471143015966,NaN,NaN
552.899437778131,-17.5694722467673,59.0850972309883,-837.400483163527,0.211121663515013,0.174318094075268,0.0192197113035835,NaN,NaN
547.899437778131,-17.6413457632731,59.1107663440261,-958.069527496205,0.236352606682119,0.194534769337683,0.0217915079189339,NaN,NaN
542.899437778131,-17.7132192797788,59.1364354570639,-1155.82405102153,0.261579853944091,0.212420376989629,0.0266922945086534,NaN,NaN
537.899437778131,-17.7848989493607,59.1622776909221,-1318.83211575814,0.314870857494247,0.228873128099686,0.055649049928906,NaN,NaN
532.899437778131,-17.8553920297926,59.1891796438784,-1455.87830496838,0.300930369341502,0.221325152795542,0.0505662584099966,NaN,NaN
527.899437778131,-17.9258851102244,59.2160815968348,-1555.29510910816,0.286993621836489,0.215986144592765,0.047090276305508,NaN,NaN
522.899437778131,-17.9963781906563,59.2429835497911,-1627.73666907804,0.27306061916494,0.209379290907372,0.0409851369925404,NaN,NaN
517.899437778131,-18.0669428192474,59.2698493705046,-1698.68132989658,0.317093158689626,0.206998981548783,0.0554113581105176,0.0368566171527816,NaN
512.899437778131,-18.1380044371636,59.2964642086755,-1744.15929188826,0.36678340197883,0.231292325299544,0.0660981959958884,0.0478843342868913,NaN
507.899437778131,-18.2090660550799,59.3230790468464,-1822.23511359738,0.416462161014801,0.25263788304096,0.0782614011617039,0.0603752612019315,NaN
502.899437778131,-18.2801276729961,59.3496938850173,-2022.62407447222,0.466129435665621,0.275531118912269,0.0901303901975966,0.0716005311283701,NaN
497.899437778131,-18.3512068843457,59.3764016961216,-2271.09074160028,0.554237847861234,0.275563192718826,0.0966081804478534,0.152473663474484,NaN
492.899437778131,-18.4223162400125,59.4032688056156,-2480.74883675131,0.503167931498378,0.237537661451917,0.0910485287286685,0.148926914624587,NaN
487.899437778131,-18.4934255956794,59.4301359151096,-2640.43127809424,0.452106151901196,0.202343858328606,0.0844278020000818,0.143617860702767,NaN
482.899437778131,-18.5645349513462,59.4570030246037,-2706.68580019075,0.401052509023154,0.165146942805135,0.0798214364340236,0.138309056543341,NaN
477.899437778131,-18.635644307013,59.4838701340977,-2712.10647488778,0.350007002839076,0.130256761735206,0.0713840818074939,0.134535081890727,NaN
472.899437778131,-18.7067536626799,59.5107372435917,-2712.49990064893,0.298969633363397,0.0939302265220081,0.0659829312064675,0.129171670098724,NaN
467.899437778131,-18.7778874255709,59.5376116870346,-2711.48652868574,0.364166389170105,0.0654208763411594,0.0604129934671151,0.219135208948479,0.0124071654958349
462.899437778131,-18.8491565510115,59.5645268045833,-2708.25666529609,0.383522796512421,0.0783715297402432,0.0650664247273651,0.219980811318456,0.012173742470928
457.899437778131,-18.9204256764522,59.591441922132,-2703.40363288131,0.402878434522343,0.0895357137103355,0.0697194359466143,0.220826395551437,0.0119403180241673
452.899437778131,-18.9916948018928,59.6183570396807,-2697.74606064558,0.422233301023585,0.10223092123563,0.0743720264634272,0.223592871465605,0.00978589700027821
447.899437778131,-19.0629639273335,59.6452721572294,-2692.85129934671,0.441587394237912,0.114925734604493,0.0773774971587724,0.226054551230218,0.00958335080606591
442.899437778131,-19.1342330527742,59.6721872747781,-2689.37378097984,0.460940712701539,0.12762015102972,0.0819733745372623,0.226925126502733,0.0093808031942776
437.899437778131,-19.2055021782148,59.6991023923268,-2687.47400627276,0.480293255201752,0.140314168770573,0.0865688324991025,0.227795682824754,0.00917825416432562
432.899437778131,-19.2767713036555,59.7260175098754,-2687.48424545843,0.499645020728261,0.153007786698632,0.0911638708086915,0.228666220172249,0.0089757037156353
427.899437778131,-19.3482315710955,59.7529837068797,-2688.53581946915,0.535141681729569,0.155818902809238,0.0890772138062709,0.227137506333314,0.044864281251747
422.899437778131,-19.4198452179143,59.7799908919201,-2691.42952299243,0.514644041774899,0.150700398004935,0.0849505260703938,0.21715028472472,0.043943134283869
417.899437778131,-19.4914588647331,59.8069980769605,-2695.135174525,0.494147011851428,0.145582189440087,0.080824054341148,0.207163165192528,0.0430220025811016
412.899437778131,-19.563072511552,59.8340052620009,-2700.48785209749,0.473650591996353,0.140464277183104,0.0766977986166596,0.19717614773757,0.0421008861438047
407.899437778131,-19.6346861583708,59.8610124470413,-2705.44786168076,0.453154782253753,0.133468730524316,0.0744498781755163,0.18718923236095,0.0411797849723729
402.899437778131,-19.7062998051897,59.8880196320817,-2710.0968728998,0.432659582676213,0.1284559330314,0.070219568349862,0.177202419064125,0.0402586990672386
397.899437778131,-19.7655157986642,59.9181849344218,-2712.6861658374,0.427398218238416,0.130404597408859,0.0679152382827713,0.175922427109848,0.0361485997759494
392.899437778131,-19.8053225171351,59.9532944601131,-2711.92411543729,0.456488978268172,0.146467090557297,0.0721078709445189,0.183386586511251,0.0389550178156775
387.899437778131,-19.8451292356059,59.9884039858044,-2710.4034982568,0.485578883796489,0.157576562763151,0.0768062297815546,0.193718648979265,0.0404258595251567
382.899437778131,-19.8849359540768,60.0235135114957,-2706.86366968938,0.514667934802596,0.168398005022316,0.0832497053235681,0.201050111717651,0.0434380959015628
377.899437778131,-19.9247426725476,60.058623037187,-2702.93229818523,0.543756131270622,0.181276448494064,0.085953189903078,0.209924831612301,0.0465883250467853
372.899437778131,-19.9645493910185,60.0937325628783,-2699.32899973792,0.572843473188355,0.191661776185202,0.0927552602472257,0.218733501184536,0.0481970152732862
367.899437778131,-20,60.1299240242303,-2693.81848658322,0.581601049543782,0.206948949830552,0.0945797567984677,0.227073568827797,0.0350385354916837
362.899437778131,-20,60.1749204245183,-2679.02905960414,0.576479543899365,0.197147134639052,0.0942985119491332,0.228980833994547,0.0392721124890903
357.899437778131,-20,60.2199168248063,-2665.02509027007,0.571357834335794,0.189985107822257,0.0913765746540385,0.2286950521236,0.0456993497572755
352.899437778131,-20,60.2649132250942,-2651.52596420336,0.566235920934412,0.180344036865604,0.0909327567438401,0.23006397070641,0.0504722073713223
347.899437778131,-20,60.3099096253822,-2639.62147050932,0.561113803779873,0.173246376438246,0.0862362633281873,0.232936145440442,0.055451425551653
342.899437778131,-20,60.3549060256702,-2627.52771206994,0.555991482960299,0.166147831532226,0.0832777142444806,0.233869161963112,0.0606317424324118
337.899437778131,-20,60.3999024259582,-2614.02973042987,0.506914912889137,0.161113096348124,0.0820316016780678,0.223438945962929,0.0319727815978796
332.899437778131,-20,60.4448988262461,-2600.53060436316,0.483133400457654,0.156164980384038,0.077905172952316,0.206276903658832,0.0343263132761968
327.899437778131,-20,60.4898952265341,-2566.88184357077,0.45935074328151,0.151216676472063,0.0737786099698109,0.191619484018589,0.0341740456101908
322.899437778131,-20,60.5348916268221,-2532.87764535139,0.435566941927218,0.144203031364507,0.0717164640993749,0.175496618942701,0.0354864494450709
317.899437778131,-20,60.5798880271101,-2507.44651662824,0.411781997092906,0.142453824878817,0.067495134617244,0.159975628864257,0.0361960047633215
312.899437778131,-20,60.6248844273981,-2487.1386575019,0.387995909648677,0.137596663338429,0.062126782704637,0.147637735294255,0.0348688314970924
307.899437778131,-20,60.669880827686,-2439.68668429501,0.3900271725426,0.132437997582509,0.0661068798221861,0.14924561435374,0.0365444123679771
302.899437778131,-20,60.714877227974,-2414.64439086745,0.392124981911868,0.129188199334237,0.0681991996698388,0.14939067472201,0.039730008066721
297.899437778131,-20,60.759873628262,-2406.2227197937,0.394222854070793,0.124069395237338,0.0708443939938329,0.152267798237938,0.0415000274734767
292.899437778131,-20,60.80487002855,-2388.78522856347,0.396320788976966,0.118972784115599,0.0747263959810742,0.153852290671492,0.0433039205642838
287.899437778131,-20,60.8498664288379,-2364.05545986518,0.398418786589063,0.11576699223388,0.0752870161163023,0.155344439908899,0.0466320878783183
282.899437778131,-20,60.8948628291259,-2353.92497952961,0.40267264062323,0.114125119767196,0.0768665009133046,0.161435258506163,0.0449067444920634
277.899437778131,-20,60.9398592294139,-2348.60850129653,0.414086270904383,0.11446194411851,0.0779975294071364,0.169733921647338,0.0465714312295581
272.899437778131,-20,60.9848556297019,-2346,0.425500259160558,0.120247921012183,0.0807532699716191,0.177938873517819,0.046705270200526
267.899437778131,-20,61.0298520299898,-2346,0.43691460200436,0.11513573621504,0.0819503633549264,0.187702979957884,0.046839116888386
262.899437778131,-20,61.0748484302778,-2347.4909743435,0.448329296481218,0.115472690707903,0.0831475240441025,0.195610210574166,0.0488301705478112
257.899437778131,-20,61.1198448305658,-2349,0.459744340015669,0.117684434507494,0.0824700045985356,0.205291142773439,0.0490477036810193
252.899437778131,-20,61.1648412308538,-2349,0.472508481202425,0.125015670967353,0.0935489342878287,0.218953460484802,0.0295110759458569
247.899437778131,-20,61.2098376311418,-2348.4097789018,0.511631450691059,0.135474484295106,0.101612099777771,0.232988900408425,0.0358263302404167
242.899437778131,-20,61.2548340314297,-2343.12986106538,0.550758643425858,0.146312124722651,0.111709136215457,0.246394277327927,0.0403631755386317
237.899437778131,-20,61.2998304317177,-2329.07089932583,0.58989005937277,0.157536431786316,0.119208802518223,0.261721422853013,0.0451928717556557
232.899437778131,-20,61.3448268320057,-2264.51516308884,0.629025698509181,0.169154382650483,0.126317828763994,0.27675134458245,0.050320751663554
227.899437778131,-20,61.3898232322937,-2201.00727519227,0.524930421346039,0.174963106816376,0.129257733526916,0.21419835067008,NaN
222.899437778131,-20,61.4348196325816,-2231.91088172042,0.482700391975767,0.162303986064223,0.115845366241107,0.195450492948026,NaN
217.899437778131,-20,61.4798160328696,-2221.47739554956,0.440466788369552,0.152922909190278,0.105268298777532,0.173863005992222,NaN
212.899437778131,-20,61.5248124331576,-2173.02787080563,0.398229609963223,0.143330096108579,0.0903470451605608,0.154223430458958,NaN
207.899437778131,-20,61.5698088334456,-2080.17109120592,0.355988856366934,0.134016662894439,0.0802159404351959,0.130731166098338,NaN
202.899437778131,-20,61.6148052337335,-2042.45055127168,0.313744527482453,0.12254481156613,0.0700835406832393,0.10912402732544,NaN
197.899437778131,-20,61.6598016340215,-2001.59175262463,0.310094567972658,0.121484537629135,0.0650018247899148,0.112140027791283,NaN
192.899437778131,-20,61.7047980343095,-1937.51614246814,0.315487375365188,0.117429357891984,0.065700447244664,0.114845842576765,0.00759145576294479
187.899437778131,-20,61.7497944345975,-1866.34535514594,0.320881376518898,0.113373635531597,0.0663992029487973,0.115744764609237,0.015523011375173
182.899437778131,-20,61.7947908348854,-1809.18756229309,0.326276571561394,0.11133404182192,0.0670980918487164,0.118348705381784,0.021751074054268
177.899437778131,-20,61.8397872351734,-1809.38731631433,0.33167296065601,0.108943689900866,0.0643991097330272,0.122345595207146,0.0282953126975862
172.899437778131,-19.9972561561345,61.8846365118892,-1808.42736121597,0.329458956996475,0.104393592662894,0.0640542095986357,0.122431099407018,0.032557736225256
167.899437778131,-19.9846368085118,61.9289562689013,-1787.74694088256,0.306992912745027,0.0983953763353241,0.0600190624387013,0.112447956202604,0.0304327312735947
162.899437778131,-19.9720174608892,61.9732760259133,-1807.74548759204,0.284523853145777,0.0955862960643735,0.0560244800345278,0.0992922896327054,0.029992898203386
157.899437778131,-19.9593981132665,62.0175957829254,-1879.27125693592,0.262051779319146,0.0893936988092833,0.051944182188848,0.0880350927707645,0.0292680696907699
152.899437778131,-19.9467787656439,62.0619155399375,-1834.91526671309,0.239576692812943,0.0832006824283031,0.0478632152741091,0.0770674068814271,0.0282516992536636
147.899437778131,-19.9341594180212,62.1062352969496,-1818.15647001353,0.217098595823772,0.0781869340557396,0.0436977673341871,0.065299614761835,0.0269376134760609
142.899437778131,-19.9215400703985,62.1505550539617,-1812.55168147479,0.194617491571999,0.0719066218899521,0.0395708105268134,0.0561330245613287,0.024247459685966
137.899437778131,-19.9030290748523,62.194568093595,-1810.18177015291,0.180045817424611,0.0699137115333043,0.0403373983354019,0.0576616347073474,0.00949797174972561
132.899437778131,-19.8812073256835,62.2384087764129,-1810,0.19441896880654,0.070330230990719,0.0438541415569995,0.0667933757601342,0.0108677357037139
127.899437778131,-19.8593855765148,62.2822494592308,-1811,0.208792405026532,0.0707467527192831,0.0473709054899601,0.0759255226741675,0.0122375432849071
122.899437778131,-19.8375638273461,62.3260901420487,-1812.42196244303,0.223166125919504,0.0711632767264477,0.0508876900868502,0.0850580751155152,0.0136073944868685
117.899437778131,-19.8157420781774,62.3699308248666,-1813,0.237540131361452,0.0715798030196646,0.05287868541404,0.0938850630287409,0.0168090108384685
112.899437778131,-19.7939203290086,62.4137715076845,-1813.36474004861,0.25191442125773,0.0719963316063854,0.0562643980023841,0.10297126730482,0.0183571849597192
107.899437778131,-19.7720985798399,62.4576121905024,-1814.96381095926,0.266288995535128,0.0724128624940618,0.0596501287652618,0.11205787244914,0.0199054116173798
102.899437778131,-19.7502947139638,62.5014554312549,-1828.04778422921,0.2174270560063,0.073224079230566,0.062947583277523,0.0791084291151465,NaN
97.8994377781314,-19.7290125959868,62.5453733001545,-1830.29923050186,0.229145593942819,0.0840399956629875,0.0633106753167239,0.0792252699730819,NaN
92.8994377781314,-19.7077304780097,62.5892911690542,-1819.12675571575,0.240864150707931,0.0962544125569852,0.06418079511765,0.077436263640436,NaN
87.8994377781314,-19.6864483600326,62.6332090379538,-1798.78082511317,0.252582725262727,0.110202678378604,0.063262107133825,0.0774358599914957,NaN
82.8994377781314,-19.6651662420556,62.6771269068535,-1750.29396113839,0.264301316753531,0.12080687788363,0.0660263951734061,0.0756101792139854,NaN
77.8994377781314,-19.6438841240785,62.7210447757531,-1711.960725291,0.276019924472589,0.133152941061104,0.0653371311449754,0.0754960407832809,NaN
72.8994377781314,-19.6226020061015,62.7649626446528,-1690.19950911674,0.287738547828346,0.143388286835365,0.0668332681920848,0.0753069392757402,NaN
67.8994377781314,-19.6176263159106,62.8072696097353,-1627.86906228998,0.232064974307865,0.14722408568449,0.0698033104050328,0.0100204852111158,NaN
62.8994377781314,-19.6387684734458,62.8469964057489,-1613.19744220829,0.228183671876421,0.141198992529874,0.0703378324744703,0.0118672061040509,NaN
57.8994377781314,-19.6599106309809,62.8867232017625,-1464.96582268026,0.224302838824833,0.13309367560045,0.0729170519657456,0.0137497163225624,NaN
52.8994377781314,-19.6810527885161,62.9264499977762,-1427.59685141923,0.220422474043613,0.125129906553585,0.0753178349345914,0.0156696719947836,NaN
47.8994377781314,-19.7021949460512,62.9661767937898,-1414.87197569341,0.21654257642703,0.117338249514481,0.0775085309301059,0.0176282373408892,NaN
42.8994377781314,-19.7233371035864,63.0059035898035,-1378.53963271095,0.212663144873479,0.111798298739491,0.0774086776350278,0.019626440867687,NaN
37.8994377781314,-19.765268054794,63.0434082333012,-1170.21816282927,0.145136153072527,0.11015399792346,0.0308750034764582,NaN,NaN
32.8994377781314,-19.8264420456122,63.0788559527869,-1142.87388043271,0.152288212537201,0.113838162359621,0.0336328785088127,NaN,NaN
27.8994377781314,-19.8876160364304,63.1143036722726,-1039.21253281991,0.159438558756543,0.119472462347996,0.0344393955022021,NaN,NaN
22.8994377781314,-19.9487900272486,63.1497513917584,-834.543305110573,0.166587190885604,0.122653862300877,0.0376975127752598,NaN,NaN
17.8994377781314,-20.009282493279,63.1854430727871,-728.883164148527,0.0336265134583116,0.0273323281929583,NaN,NaN,NaN
12.8994377781314,-20.0681984928542,63.2216990725256,-485.153740823929,0.0279098429662536,0.0206493407538483,NaN,NaN,NaN
7.89943777813141,-20.1271144924293,63.2579550722642,-162.939500232894,0.0221985953657834,0.0169886874973613,NaN,NaN,NaN
